2.000000000000000000e+00 4.203191887426388496e-02 -1.165413715786998592e-03 6.316177716347065076e-03
3.000000000000000000e+00 6.541466103112549002e-03 1.654711031025778503e-02 -1.646290386035585999e-03
4.000000000000000000e+00 7.656424878269865904e-03 -4.067345860712141305e-03 1.259288423628126402e-03
5.000000000000000000e+00 1.080428970351820714e-02 -1.980858020153340639e-03 -4.519476075042710788e-04
6.000000000000000000e+00 7.950957547161516649e-04 2.945807650463537573e-03 -6.153409574190106361e-04
7.000000000000000000e+00 2.283877890568652644e-04 -3.720873492738619522e-04 -8.616122291884189925e-04
8.000000000000000000e+00 2.873219502242628769e-04 9.690749898617843352e-04 -7.621164271918979237e-04
9.000000000000000000e+00 4.342803980880536739e-04 1.050316071368433005e-04 -3.406830642431054549e-04
1.000000000000000000e+01 4.704341458098114251e-04 -4.694474950123504525e-04 -1.678808116714658436e-05
1.100000000000000000e+01 2.207788384104907248e-04 1.597900375354140536e-04 7.492377440708836926e-05
1.200000000000000000e+01 2.906890779470826074e-04 2.186305494736785109e-04 -1.983681124539935273e-05
1.300000000000000000e+01 -5.076726798119682749e-05 1.741754750900159035e-04 -5.304559233698508250e-05
1.400000000000000000e+01 1.349166186255449762e-04 7.876096433316160750e-05 -3.776691457125843786e-05
1.500000000000000000e+01 -1.941099723276196859e-04 -6.207414237012633769e-05 -1.049283403481215618e-04
1.600000000000000000e+01 1.313894745830908556e-04 -3.309710344592479140e-05 9.830916768418642500e-05
1.700000000000000000e+01 5.815446081732991842e-04 -6.155344183684717757e-05 -1.051050328579331347e-04
1.800000000000000000e+01 2.153015316867788775e-04 -1.071585124915583527e-04 -5.034624033229870808e-05
1.900000000000000000e+01 2.399789314783383487e-04 -2.978406535446566261e-05 2.754924634821241105e-04
2.000000000000000000e+01 2.819082178185807028e-04 -1.012982395565329948e-04 -5.076867560058777502e-05
2.100000000000000000e+01 1.475266134932635249e-04 1.913067037945204391e-04 -9.693086712542251340e-05
2.200000000000000000e+01 1.156659292938650970e-04 3.765501378293814036e-05 -7.383521067244089135e-05
2.300000000000000000e+01 3.526268438617394187e-05 -2.639315581572191465e-06 1.178865755901989531e-05
2.400000000000000000e+01 -1.146380631946765382e-04 1.669009833818987432e-04 -3.583664867351611319e-05
2.500000000000000000e+01 3.482897204852147279e-04 -9.830074984032639070e-05 4.355722222255305220e-05
2.600000000000000000e+01 -1.095236073990056494e-05 1.829155665947987205e-05 1.544270383479595503e-04
2.700000000000000000e+01 3.919187206402428435e-04 -6.050560846465973777e-05 -4.843883156504272215e-05
2.800000000000000000e+01 4.222873328173384444e-04 4.177685856702407344e-06 -6.139523243073913762e-06
2.900000000000000000e+01 2.202532547140482815e-04 9.204692808801471363e-06 7.039648999774562042e-05
3.000000000000000000e+01 9.569279745766971431e-05 -3.526430639250903372e-05 2.101261880864589379e-05
3.100000000000000000e+01 7.329423355045327560e-05 -2.933565660746331264e-05 -8.556519831622452440e-05
3.200000000000000000e+01 2.200757602080203365e-04 -5.479381583757680506e-05 -2.377462563452154831e-08
3.300000000000000000e+01 1.842025234367672740e-04 7.782472425840099317e-05 1.199500838470130882e-04
3.400000000000000000e+01 3.572653224039419790e-04 -1.110476092418306729e-04 -6.896413309868974285e-05
3.500000000000000000e+01 1.575439838220355361e-04 1.102191262315010511e-04 1.268707541969050254e-04
3.600000000000000000e+01 1.619366291414745971e-04 5.369646806594247963e-05 1.184318380810034724e-04
3.700000000000000000e+01 -1.184741330024798057e-05 1.979902168504469145e-05 2.373487966666040154e-04
3.800000000000000000e+01 1.816187367367464063e-04 1.327236614558953290e-04 4.082148496164585453e-05
3.900000000000000000e+01 1.274848082241333998e-04 1.017100482048128901e-04 -2.712842375961843720e-04
4.000000000000000000e+01 4.075376446772066086e-04 6.426848052831420370e-05 1.158242700743094140e-04
4.100000000000000000e+01 2.875011843468177155e-04 1.675677395822914087e-04 -1.409300223834610726e-04
4.200000000000000000e+01 1.607924761301144896e-04 1.465803421539291543e-04 6.140160491592804850e-05
4.300000000000000000e+01 -1.409985148078193742e-04 1.095246383518754592e-04 1.166538344486796108e-04
4.400000000000000000e+01 -1.622729113004866858e-04 5.281045935539295419e-05 -3.964485276232757141e-05
4.500000000000000000e+01 4.679878862911190040e-04 2.729699758328170802e-04 2.476280719747966550e-05
4.600000000000000000e+01 2.369145703670800520e-04 -2.615449422876161463e-06 1.004830815817300833e-05
4.700000000000000000e+01 2.455481682264578234e-05 -7.357858109810391017e-06 -6.077223234039627148e-05
4.800000000000000000e+01 1.888322650040600073e-04 -1.415972201305899781e-04 -7.843656479814562957e-06
4.900000000000000000e+01 5.226974693198723800e-04 -1.441810536513576154e-04 -6.393209471746929781e-05
5.000000000000000000e+01 3.223305471185543584e-04 1.340350809091629550e-04 8.843341189190914188e-05
5.100000000000000000e+01 4.218599820662889005e-05 -8.289184151804123422e-05 4.557077627922299456e-07
5.200000000000000000e+01 1.269501054991732767e-04 -1.212552879079102170e-04 -1.297052870218542606e-04
5.300000000000000000e+01 3.813397867652511090e-04 2.547560602843642095e-05 -5.854329726998207627e-06
5.400000000000000000e+01 1.555093937871489848e-04 6.948039143170111763e-05 2.362331710429449371e-05
5.500000000000000000e+01 6.370288995392889633e-04 8.204279072431577531e-06 4.623287549122962988e-05
5.600000000000000000e+01 2.582699207049229365e-04 8.364027741540770428e-07 8.790818670737869645e-05
5.700000000000000000e+01 3.254269036379032446e-04 1.105336293580689086e-04 1.641788858928013223e-04
5.800000000000000000e+01 4.686611211314197184e-04 -2.886191072663769543e-06 -1.704458014850754907e-04
5.900000000000000000e+01 3.602989160764826274e-04 -2.014790321231493960e-04 -2.131585340171728631e-05
6.000000000000000000e+01 6.160384359142573405e-04 1.155647716935417029e-04 1.530235827373924542e-04
6.100000000000000000e+01 7.640363934497823584e-04 2.688169885464447985e-04 -3.665798093922767816e-05
6.200000000000000000e+01 4.554792202045980531e-04 -1.043338082471004382e-04 -1.769251341155456320e-04
6.300000000000000000e+01 2.284592698498520203e-04 6.785451447220878997e-05 3.765073395799609850e-05
6.400000000000000000e+01 4.350312949754663104e-04 -7.272050642982962618e-05 2.389765090863160820e-04
6.500000000000000000e+01 5.750341770000331034e-04 -3.049745895098394670e-05 8.247246529194156501e-05
6.600000000000000000e+01 4.341088284467154151e-04 6.180749366267394428e-05 -1.873287835029647976e-04
6.700000000000000000e+01 4.807143139211418809e-04 3.563483370421918420e-05 9.062924101199928734e-05
6.800000000000000000e+01 3.356184366991499701e-04 1.865709318828750492e-05 8.081776076459760820e-05
6.900000000000000000e+01 3.723275899788824677e-04 4.611948205470963640e-05 -4.398389274616939105e-05
7.000000000000000000e+01 4.987184142582651606e-04 1.101921039707184937e-05 -5.095707468088789808e-05
7.100000000000000000e+01 2.341312644376218903e-04 -5.975165463064156221e-05 -2.467214592885446335e-05
7.200000000000000000e+01 2.706320646964623599e-04 6.615823717275300738e-05 6.881495582307476386e-05
7.300000000000000000e+01 5.493971672973304741e-04 1.286092201183888056e-05 2.413906677636380363e-05
7.400000000000000000e+01 5.646734721092272740e-04 -5.301206643673224813e-05 -1.057582967261172551e-04
7.500000000000000000e+01 3.512302123742093202e-04 9.040392735227503025e-05 -1.130899753701209512e-05
7.600000000000000000e+01 4.262450276526672747e-04 -6.374688726791564260e-05 3.985667987407389470e-05
7.700000000000000000e+01 5.271828199733838514e-04 6.970153814664566962e-05 1.298413284572831233e-05
7.800000000000000000e+01 3.989236591077467090e-04 3.099144364696779062e-05 1.596913192498396173e-04
7.900000000000000000e+01 6.086782479086252440e-04 -4.441753289772971947e-05 2.353549991446673688e-06
8.000000000000000000e+01 3.370124323340170343e-04 6.644141556317074439e-05 -3.828396429493339219e-05
8.100000000000000000e+01 3.808259238219372975e-04 4.579199957978805736e-05 8.559959997707709920e-05
8.200000000000000000e+01 5.303350359617927312e-04 -1.304833429502391207e-04 1.569335174241825854e-06
8.300000000000000000e+01 4.017502165756447140e-04 4.032455934676096152e-05 8.439594787554797063e-05
8.400000000000000000e+01 6.134533452875950889e-04 1.073975564125692465e-04 -1.124619618490637545e-04
8.500000000000000000e+01 6.314353332770143452e-04 -2.663068912639564103e-05 -2.019537177208215658e-05
8.600000000000000000e+01 4.096959530008662236e-04 6.231047614859583036e-05 1.778261242110631079e-04
8.700000000000000000e+01 3.859319055910339128e-04 7.191596627488156988e-07 -5.088858008962689184e-06
8.800000000000000000e+01 3.507767432541202685e-04 -1.421290995833342078e-04 1.247246971026664110e-04
8.900000000000000000e+01 1.401971054637960346e-04 -6.266275534323380596e-05 -7.880721620948733170e-05
9.000000000000000000e+01 3.765922449340217701e-04 1.735341431636232181e-04 -8.881274489911228484e-05
9.100000000000000000e+01 7.130065274343411804e-04 -1.401669139092792575e-05 1.318381503071677883e-04
9.200000000000000000e+01 6.287762702016834546e-04 -4.281955874090072616e-05 1.417701156856024207e-04
9.300000000000000000e+01 6.774230488549133015e-04 9.337513401677062844e-05 -2.335615250443672181e-04
9.400000000000000000e+01 4.978480252792733115e-04 5.069635363583540163e-05 7.040404593715856262e-05
9.500000000000000000e+01 5.755523379140679375e-04 3.348781443486280921e-06 -1.567539038698592639e-05
9.600000000000000000e+01 2.499067390792157855e-04 -3.340251779822963691e-05 -9.694251571283380060e-05
9.700000000000000000e+01 4.220188597956610701e-04 -7.850852439586902809e-06 1.044674468264137338e-04
9.800000000000000000e+01 6.361616108395292367e-04 -9.851453792210518735e-06 4.354971070319309338e-05
9.900000000000000000e+01 3.466502420778964618e-04 -5.121540013800498858e-05 -9.064455806216698832e-05
1.000000000000000000e+02 3.024403255029584742e-04 -7.728567129742828923e-06 4.445378448076813601e-05
1.010000000000000000e+02 3.351217600299148365e-04 -4.968734538530570358e-05 4.363344818624205300e-05
1.020000000000000000e+02 4.191860309693536493e-04 -1.265784155862184028e-05 -5.094960582813162851e-05
1.030000000000000000e+02 7.480657121827510468e-04 -6.675440901929138241e-05 5.426707417017699277e-05
1.040000000000000000e+02 3.513004749052278013e-04 5.311126460498249042e-05 2.725606009567373145e-04
1.050000000000000000e+02 6.790727355246018023e-04 -6.870424075622292753e-07 6.808319177112856404e-05
1.060000000000000000e+02 3.795659540140721702e-04 -5.831972351715858794e-05 -1.968775413610316109e-04
1.070000000000000000e+02 5.863725588360979915e-04 1.013665984803107517e-04 -5.001058718647200245e-05
1.080000000000000000e+02 6.837499162712203440e-04 -3.554452422444530357e-05 1.285195386238525582e-04
1.090000000000000000e+02 5.230717552486933986e-04 -4.334187024049758068e-05 -2.463033898727713517e-05
1.100000000000000000e+02 7.000498618546264085e-04 2.211827813989355375e-05 -4.038070304826438391e-06
1.110000000000000000e+02 5.100013647180960544e-04 -3.517335511594208797e-05 -6.204055908569144819e-05
1.120000000000000000e+02 4.209291781141880117e-04 9.777833866189525775e-06 8.909720878614976389e-05
1.130000000000000000e+02 4.422091144128282724e-04 1.286292788481406309e-05 -3.850555037311456685e-05
1.140000000000000000e+02 4.626982251521368915e-04 -4.739546670864737161e-05 -6.575438644454461223e-05
1.150000000000000000e+02 2.646348659804608166e-04 -4.782831322631514822e-05 1.066730710725806008e-04
1.160000000000000000e+02 6.125938896092024194e-04 -5.384516280903480542e-05 7.715137864757508010e-05
1.170000000000000000e+02 6.892144472152104528e-04 3.810758063855674573e-05 6.513543999060600743e-05
1.180000000000000000e+02 3.842979634094913677e-04 4.291499677434084466e-05 2.552864232965755206e-05
1.190000000000000000e+02 4.130135024707552141e-04 -3.562048448357330353e-05 1.722473061449014415e-04
1.200000000000000000e+02 4.237069463546428555e-04 -2.638959744034991245e-05 4.705003221044483364e-05
1.210000000000000000e+02 4.924215067251271841e-04 1.188732257890235441e-04 -2.131894237322325917e-04
1.220000000000000000e+02 3.556937379126553210e-04 7.167763666201672451e-05 -2.772515893196045860e-06
1.230000000000000000e+02 4.439733300373617650e-04 3.001909976240246692e-06 1.022006829811302462e-04
1.240000000000000000e+02 5.168499840666053273e-04 3.993681619098962996e-05 5.662576645010032774e-05
1.250000000000000000e+02 2.609129182493778731e-04 2.375620473934513799e-05 -8.552658060131095995e-05
1.260000000000000000e+02 4.194303981159449289e-04 -5.995733682295660615e-05 1.264157693924805820e-04
1.270000000000000000e+02 5.225790852586396787e-04 -3.376834380407505218e-05 -2.383785891858986307e-05
1.280000000000000000e+02 5.500689183189933504e-04 2.134643672891161213e-05 -6.852334703328222530e-06
1.290000000000000000e+02 4.012834740239218400e-04 -6.277358603096866961e-05 1.294380817401173253e-06
1.300000000000000000e+02 2.860093118518801402e-04 -7.169836776931535777e-05 -3.304229365739364899e-05
1.310000000000000000e+02 1.387271654984801835e-04 -4.852390962467986241e-05 2.524761169076870966e-05
1.320000000000000000e+02 3.912072024749926337e-04 -7.337645419673440707e-06 3.086469364382235400e-05
1.330000000000000000e+02 4.482767357263714295e-04 3.537909879439190549e-05 3.033365963901902480e-05
1.340000000000000000e+02 4.336072897095889713e-04 9.606050651234865009e-05 1.190659057156024514e-04
1.350000000000000000e+02 2.628583793656019576e-04 -7.275785039664730105e-05 -6.124272330974182084e-05
1.360000000000000000e+02 5.378576700929575596e-04 -2.128385668511817883e-05 4.491274577079857683e-05
1.370000000000000000e+02 4.972378449848194023e-04 1.293169668264627546e-04 9.249849045329250211e-05
1.380000000000000000e+02 2.656839481357148617e-04 1.657658733869997897e-05 -8.403221237625980522e-05
1.390000000000000000e+02 2.622700190095460476e-04 3.449799484436169431e-05 3.792611576592402532e-06
1.400000000000000000e+02 3.093731267175720305e-04 -5.990009660616422944e-05 4.438782538513355222e-05
1.410000000000000000e+02 3.493810917697187310e-04 1.722816923331969496e-05 8.495811621498869110e-06
1.420000000000000000e+02 3.356578075110104261e-04 9.617073711254074642e-05 7.642644985537947236e-05
1.430000000000000000e+02 2.908493141150983864e-04 3.791469842249486303e-05 -4.682334008399869598e-06
1.440000000000000000e+02 2.776643954160815000e-04 2.630583874717313844e-05 -7.753919647596791852e-05
1.450000000000000000e+02 4.905895795163744922e-04 -2.268628989527909337e-05 1.260129014652548695e-05
1.460000000000000000e+02 3.290567425095873317e-04 -2.090952508534126166e-05 -5.487508523419567689e-05
1.470000000000000000e+02 2.067659020269256771e-04 -1.927818545019950832e-06 1.130838988239048595e-05
1.480000000000000000e+02 2.969145150766897522e-04 -2.573664266361085778e-05 -3.373631926383398116e-05
1.490000000000000000e+02 3.325367202228881941e-04 1.360577490656487574e-05 -6.764359235742518843e-06
1.500000000000000000e+02 3.877329043135347071e-04 1.923918210582937840e-05 7.612348230219422474e-05
1.510000000000000000e+02 4.545726653674355571e-04 8.173826528704506691e-05 7.026044537159043218e-05
1.520000000000000000e+02 2.854215367866220457e-04 4.263990003503339600e-05 -1.598253143930507256e-05
1.530000000000000000e+02 2.173029880579926021e-04 3.145953244028753637e-05 3.281228640585433839e-05
1.540000000000000000e+02 2.296707830775347704e-04 1.851659014723564862e-05 5.030314490514495372e-05
1.550000000000000000e+02 3.160105692595401462e-04 1.391979529613459353e-05 3.246901282834504889e-06
1.560000000000000000e+02 2.092164561713148307e-04 -6.197633751571945168e-05 -2.443308589627231811e-06
1.570000000000000000e+02 3.036666678921559853e-04 -4.231130551753351524e-05 -7.829600878620042914e-05
1.580000000000000000e+02 3.902916100845274603e-04 1.239804752551720921e-04 -2.411868790299632626e-06
1.590000000000000000e+02 2.959141594301284276e-04 1.587430797424103690e-05 6.360071211765595136e-06
1.600000000000000000e+02 1.154611151837883000e-04 -7.414856413261752778e-05 -9.680747142981342332e-05
1.610000000000000000e+02 1.458127312749092988e-04 3.535748941960364705e-05 1.241888279563001735e-05
1.620000000000000000e+02 1.797122392133162865e-04 -5.177285769991931899e-05 4.753537261196643288e-05
1.630000000000000000e+02 3.247962270323585961e-04 -1.297881182780741209e-05 5.956428697684640794e-05
1.640000000000000000e+02 2.373949425355782695e-04 1.530249440759821211e-05 -1.340576856446769807e-05
1.650000000000000000e+02 1.300505266348803070e-04 2.969647855453923230e-05 -3.015642901912566256e-05
1.660000000000000000e+02 3.360540647667081284e-04 -7.310644006981018342e-05 -5.552893459854165207e-05
1.670000000000000000e+02 3.953780449688216298e-04 -2.370981916479993626e-05 6.695397443853070034e-05
1.680000000000000000e+02 2.168375928245233283e-04 5.273537407229411856e-05 9.948900376885562184e-06
1.690000000000000000e+02 1.948440206767845101e-04 6.571627761036295313e-05 9.051420828371277433e-06
1.700000000000000000e+02 1.409162686537047688e-04 -3.241363709576253503e-05 1.955642911145577054e-05
1.710000000000000000e+02 2.935294428614713459e-04 1.785907150453308972e-06 -1.383067868994493352e-05
1.720000000000000000e+02 2.488540838719611472e-04 -4.380648867015811095e-06 3.928933816756959252e-05
1.730000000000000000e+02 2.069732499790067042e-04 1.660371996104069511e-06 -2.614842830559299580e-05
1.740000000000000000e+02 -2.793201149485941229e-05 9.338422823534217793e-05 -5.742699678272586027e-05
1.750000000000000000e+02 2.018325053569451622e-04 5.184727859775761604e-05 -1.316650645977164690e-05
1.760000000000000000e+02 2.384026406385058932e-04 3.207730342540017346e-05 -5.251698700408103854e-06
1.770000000000000000e+02 1.171958982771422906e-04 4.046375290572648846e-05 -8.819257120670217576e-05
1.780000000000000000e+02 2.244149867736354421e-04 1.315639282856450825e-05 1.764451184756408466e-05
1.790000000000000000e+02 2.254418882437183766e-04 -6.896139766136803327e-05 -6.385704037794803035e-06
1.800000000000000000e+02 1.099523565766347084e-04 1.062579657090698088e-05 8.875874576902925375e-06
1.810000000000000000e+02 2.159916546232703986e-04 -8.447663593355491250e-06 -3.945403390730861372e-05
1.820000000000000000e+02 2.174834993275850622e-04 3.998939595287152328e-05 -3.353559814904100270e-05
1.830000000000000000e+02 1.169993057323149622e-04 1.433469469194732214e-05 5.356431253146537219e-05
1.840000000000000000e+02 1.671950785947508799e-04 -2.308085568820197558e-05 2.334898041092372105e-05
1.850000000000000000e+02 1.843915595294213345e-04 -4.325365087980983462e-05 -1.074013583325497597e-04
1.860000000000000000e+02 8.058289368906855802e-05 -4.319997928981620126e-05 -4.694921959483433499e-05
1.870000000000000000e+02 1.148807304313798750e-04 8.765918794785113562e-06 -1.611359935427299889e-05
1.880000000000000000e+02 1.574472667186057912e-04 -4.815834853308740274e-05 2.211436335833814046e-05
1.890000000000000000e+02 1.961485712254651154e-04 1.984960318217318391e-05 1.062700913050655969e-04
1.900000000000000000e+02 1.476919061899315303e-04 7.728630201579325231e-05 -1.768489534743855642e-05
1.910000000000000000e+02 7.281972687617548296e-05 -1.988519329786884101e-05 -7.809127487337998952e-06
1.920000000000000000e+02 1.336516759502144331e-04 -1.385777882226055851e-05 -8.874938874302676936e-05
1.930000000000000000e+02 1.220615205347757876e-04 1.727573935105570317e-05 3.307621185771738896e-06
1.940000000000000000e+02 3.107281052767965141e-05 2.061861896028007187e-05 1.734536680604159954e-05
1.950000000000000000e+02 2.185228436155570424e-04 -2.572703814018824565e-05 5.159696148101622186e-05
1.960000000000000000e+02 1.043140964262774626e-04 -4.926940646937172982e-05 -5.846219363820144383e-08
1.970000000000000000e+02 1.592691150267565618e-04 4.592677219094537068e-06 -7.165927668034203471e-06
1.980000000000000000e+02 8.339982592712215099e-05 -3.242217261659213106e-05 -3.881932092236580536e-05
1.990000000000000000e+02 6.149457472421341513e-05 -7.188482232002061468e-06 6.644656880480695981e-05
2.000000000000000000e+02 1.735650944885102059e-04 2.530328170329186285e-05 5.051301992341469994e-05
2.010000000000000000e+02 3.900361203236501361e-05 -4.058625390656797876e-05 -1.019489361309306099e-05
2.020000000000000000e+02 7.724101243163192416e-05 5.000958520390662971e-05 4.784898982049589158e-05
2.030000000000000000e+02 1.734898483405875351e-04 1.207648818265097195e-05 -2.938228307698187287e-05
2.040000000000000000e+02 5.690408154888810805e-05 5.349318480100917586e-05 5.609129915927059347e-05
2.050000000000000000e+02 5.114385615263324628e-05 -7.090478915924748203e-05 -2.817203122808651679e-05
2.060000000000000000e+02 1.068103173704168144e-04 -5.357322841227782421e-05 -6.032843632671875636e-05
2.070000000000000000e+02 7.477372132795339266e-05 -9.622430900559351171e-06 1.386649828039782748e-05
2.080000000000000000e+02 1.987540954378356822e-04 -4.807561114979051363e-05 4.307909622016649536e-06
2.090000000000000000e+02 1.440068771368996424e-04 9.354128266312170036e-05 -6.087509126156785712e-08
2.100000000000000000e+02 9.543848560511052894e-05 5.709328890472646688e-05 2.553809804792711962e-05
2.110000000000000000e+02 6.949252645423547562e-05 -4.700599180056119503e-05 -4.426389179886118427e-05
2.120000000000000000e+02 1.625188523932850839e-04 5.229005739257316579e-05 5.740769503812025252e-05
2.130000000000000000e+02 8.449862127189173677e-05 2.842869720126728605e-05 -7.440079055573180493e-05
2.140000000000000000e+02 1.369581978920063694e-04 -2.447379557094353628e-05 2.346705680056221320e-05
2.150000000000000000e+02 1.844603676427220983e-04 6.621334444679123528e-06 2.567489458663947861e-05
2.160000000000000000e+02 2.710962695464427843e-05 6.540321912222109566e-06 9.795012196541536974e-06
2.170000000000000000e+02 1.139533132730998421e-04 -3.440939875182173188e-05 7.699854858426453247e-06
2.180000000000000000e+02 1.431887069812663206e-04 -4.657968266834139407e-06 -4.454726720979800193e-05
2.190000000000000000e+02 1.474545925908746875e-04 4.199308371126874090e-05 -7.350845231578530552e-06
2.200000000000000000e+02 1.604655007888017466e-04 1.949209171993900234e-05 1.093043851351138877e-06
2.210000000000000000e+02 1.882273008053823242e-04 1.778920376628052987e-05 -4.467915197716617991e-05
2.220000000000000000e+02 1.098516452148389161e-04 3.012402311800795038e-05 -4.697183170842028930e-05
2.230000000000000000e+02 5.416710110897662427e-05 -5.245080947859890485e-05 -4.944192541593836135e-05
2.240000000000000000e+02 1.503096039925341831e-04 3.119911795784275694e-05 7.833629160254112378e-07
2.250000000000000000e+02 1.039267098814562783e-04 1.986360157055692103e-05 5.732790902516089862e-05
2.260000000000000000e+02 1.546320398933968875e-04 2.105570286865205833e-05 -2.045681424555516515e-05
2.270000000000000000e+02 1.157798058210486456e-04 -1.166421541881401124e-05 3.697111004702351161e-05
2.280000000000000000e+02 1.280855361625738971e-04 5.429455312678911432e-05 -2.616882023157577264e-05
2.290000000000000000e+02 1.155958000526106753e-04 4.288047592988612766e-05 2.833273993768664571e-05
2.300000000000000000e+02 1.892233894633575610e-04 4.154581335707787921e-05 1.793806638799479486e-06
2.310000000000000000e+02 1.970956393240267388e-04 -4.473020708497347104e-05 -5.747189960763524443e-05
2.320000000000000000e+02 2.386888798049016777e-04 -1.119136956319326998e-05 4.713900661484136218e-05
2.330000000000000000e+02 9.294339998600401574e-05 7.482209641705627411e-05 1.386484379088180072e-05
2.340000000000000000e+02 1.713834096370808974e-04 -8.232495466608247395e-06 4.551872961093135564e-06
2.350000000000000000e+02 1.071681623192492295e-04 2.045016365772576417e-05 -2.395941594733047163e-05
2.360000000000000000e+02 1.997112919955330444e-04 2.356273207914420201e-05 4.090743184591946875e-06
2.370000000000000000e+02 2.130053615173584732e-04 2.561586372009367458e-05 5.092709731528655500e-05
2.380000000000000000e+02 1.048767312023195892e-04 1.139618911689538937e-05 -2.095393848210809059e-05
2.390000000000000000e+02 1.284453786093532135e-04 -6.808882301943311162e-05 -1.331156945698316544e-05
2.400000000000000000e+02 2.228181283997743268e-04 -5.595887412499406965e-05 3.623838702735086289e-05
2.410000000000000000e+02 2.697859694384749504e-04 3.303907460125907587e-05 4.923113956195094287e-06
2.420000000000000000e+02 1.016316985793773724e-04 -3.617961816857404847e-05 2.614373870444647942e-05
2.430000000000000000e+02 2.649496098621705845e-04 -1.237387846109801773e-05 3.194578706398268883e-06
2.440000000000000000e+02 2.552578042353360411e-04 2.594636443023886691e-05 6.941082125098871044e-05
2.450000000000000000e+02 2.274800044354292482e-04 -4.210965403406762976e-06 3.782229718326375422e-05
2.460000000000000000e+02 2.350008860354437922e-04 3.186808456659074364e-05 -8.024016907225567103e-05
2.470000000000000000e+02 2.819571715083874050e-04 6.097076614653627576e-05 -1.599665217437510942e-05
2.480000000000000000e+02 2.336996649860969221e-04 -3.925037996947617987e-06 4.902736764182776452e-05
2.490000000000000000e+02 2.872735288538126293e-04 -1.104771946425128884e-05 -4.161087658009157036e-05
2.500000000000000000e+02 2.206235036114469834e-04 -8.454146330473904145e-06 4.088274340685147821e-05
2.510000000000000000e+02 2.351144033381968521e-04 -1.601701756678809439e-05 2.561607494791285600e-05
2.520000000000000000e+02 2.236785174944580068e-04 -6.788813060140376715e-05 -1.348850746183637173e-05
2.530000000000000000e+02 2.488770751455140475e-04 -1.539751457998952169e-05 -1.182837325789376967e-05
2.540000000000000000e+02 2.245525024288079908e-04 2.126648392116980472e-05 -7.640218265511722890e-06
2.550000000000000000e+02 1.881591041733848152e-04 -6.678544444330252594e-06 -1.421344784096665523e-05
2.560000000000000000e+02 2.674270698578778776e-04 -1.920203647251004711e-05 1.613531153999466904e-05
2.570000000000000000e+02 2.227284187262049131e-04 -6.212128690964759396e-05 3.266628817056632303e-05
2.580000000000000000e+02 2.280686483955505746e-04 -5.402843050509844653e-05 -1.083712239122147919e-05
2.590000000000000000e+02 1.889475906169729908e-04 7.779145489945469115e-06 3.177208152381843061e-05
2.600000000000000000e+02 3.995572852586963129e-04 6.786843978274264741e-05 4.827188270140959133e-05
2.610000000000000000e+02 4.006184366664327138e-04 3.525643733846329126e-05 4.949825571936287321e-05
2.620000000000000000e+02 2.727033368945519227e-04 1.212266013352519527e-05 -8.597115238091365371e-05
2.630000000000000000e+02 2.108955882294383905e-04 2.452681020315988447e-05 -1.807668408919712517e-05
2.640000000000000000e+02 2.951785031864719803e-04 -2.850204710682140301e-05 2.371251089769565250e-05
2.650000000000000000e+02 3.718384220914927119e-04 -1.430767742050476226e-05 2.550180409504620530e-05
2.660000000000000000e+02 3.663833244088878470e-04 2.851963266500107222e-06 1.335002326519201314e-05
2.670000000000000000e+02 2.464986702512789001e-04 6.473606346806051726e-05 1.938437940597802575e-05
2.680000000000000000e+02 4.119034184087393266e-04 7.217442653424044555e-07 -5.741264458547788084e-06
2.690000000000000000e+02 4.376479069364039537e-04 -5.046124064854155036e-05 -3.278673420148287541e-05
2.700000000000000000e+02 3.217441154018441693e-04 9.029888155983983834e-05 -2.315573325455710352e-05
2.710000000000000000e+02 3.945802566494921925e-04 1.455262590062827626e-05 -1.085319148959405230e-04
2.720000000000000000e+02 4.119706941051903175e-04 -3.785327827776833982e-05 -6.222987569920103597e-05
2.730000000000000000e+02 4.593120192843466580e-04 1.168269785930897129e-05 2.918521000068616907e-06
2.740000000000000000e+02 6.117635369141543895e-04 2.105628457154617398e-05 -5.814672925957393393e-05
2.750000000000000000e+02 4.027186682486610394e-04 -3.849264306719030139e-05 1.128899526124426056e-04
2.760000000000000000e+02 3.868082419538367272e-04 3.647604970511222639e-05 1.166678540022892402e-06
2.770000000000000000e+02 5.662036685458081637e-04 3.203338010586217360e-05 -4.112836379092984492e-05
2.780000000000000000e+02 4.365910954656698826e-04 -8.950363068545879027e-06 2.142590181155000902e-05
2.790000000000000000e+02 4.333000015372817106e-04 1.065146851623331706e-05 1.059546972869674295e-05
2.800000000000000000e+02 3.693563971716433306e-04 -2.960187027081111728e-05 -1.933936273407217864e-05
2.810000000000000000e+02 4.092332320802490649e-04 3.627858395000267900e-05 1.649826464711052451e-05
2.820000000000000000e+02 5.291971250425404720e-04 1.226184639465768086e-05 2.488304441453496229e-05
2.830000000000000000e+02 5.031406119962105556e-04 3.507859116828254480e-05 4.253981400820044495e-05
2.840000000000000000e+02 6.170189405901993626e-04 9.336943823837822694e-07 2.243359844687492437e-05
2.850000000000000000e+02 4.371468553080813777e-04 -3.353247322983155909e-05 -5.233529401762866359e-05
2.860000000000000000e+02 3.418758975805583837e-04 -8.180702489351341969e-06 4.606393947116372141e-05
2.870000000000000000e+02 5.168072671292125086e-04 1.272651911750398273e-05 4.213305684764581064e-05
2.880000000000000000e+02 5.769448796191892518e-04 -5.047020350979083649e-05 3.490688829733951505e-05
2.890000000000000000e+02 5.139001935794218837e-04 -2.644965973539580023e-05 -1.691352540827895567e-05
2.900000000000000000e+02 5.493886918298908394e-04 4.920282915260547606e-05 4.836835358835247400e-05
2.910000000000000000e+02 4.962264411493887226e-04 2.099872635306748354e-05 -1.540821169082988982e-05
2.920000000000000000e+02 5.409531295711250383e-04 -3.593160049103023758e-05 -5.775224391788507479e-05
2.930000000000000000e+02 5.189962171413618330e-04 1.458729845149656805e-06 -1.182478805610911027e-05
2.940000000000000000e+02 6.565424159529806942e-04 1.022116400377853725e-05 -5.144247973080447883e-05
2.950000000000000000e+02 6.149118169047279939e-04 2.403975053303268004e-05 2.435217728568798138e-05
2.960000000000000000e+02 5.644390392116542358e-04 4.456511927883341209e-06 -5.678473868756419481e-06
2.970000000000000000e+02 7.982264943084800774e-04 -3.627618640185034502e-05 -2.675804086374886434e-05
2.980000000000000000e+02 7.359496334419433862e-04 -8.530075529389684636e-06 -2.098635865941494408e-05
2.990000000000000000e+02 6.253131553463225651e-04 2.091708155037443114e-05 -2.608547859973945334e-06
3.000000000000000000e+02 5.043567367063032415e-04 4.413075597224299867e-06 -5.030082463167155789e-05
