     2       107.098
     3        83.248
     4        69.628
     5        60.621
     6        54.136
     7        49.199
     8        45.289
     9        42.099
    10        39.438
    11        37.176
    12        35.225
    13        33.521
    14        32.018
    15        30.679
    16        29.477
    17        28.392
    18        27.405
    19        26.504
    20        25.676
    21        24.913
    22        24.207
    23        23.551
    24        22.940
    25        22.368
    26        21.833
    27        21.330
    28        20.856
    29        20.409
    30        19.986
    31        19.586
    32        19.206
    33        18.845
    34        18.501
    35        18.173
    36        17.860
    37        17.560
    38        17.274
    39        17.000
    40        16.736
    41        16.484
    42        16.241
    43        16.007
    44        15.782
    45        15.565
    46        15.355
    47        15.153
    48        14.958
    49        14.770
    50        14.587
    51        14.410
    52        14.239
    53        14.073
    54        13.912
    55        13.756
    56        13.605
    57        13.457
    58        13.314
    59        13.175
    60        13.039
    61        12.908
    62        12.779
    63        12.654
    64        12.532
    65        12.414
    66        12.298
    67        12.185
    68        12.074
    69        11.966
    70        11.861
    71        11.758
    72        11.658
    73        11.559
    74        11.463
    75        11.369
    76        11.277
    77        11.187
    78        11.099
    79        11.013
    80        10.928
    81        10.845
    82        10.764
    83        10.684
    84        10.606
    85        10.529
    86        10.454
    87        10.380
    88        10.308
    89        10.236
    90        10.167
    91        10.098
    92        10.031
    93         9.964
    94         9.899
    95         9.835
    96         9.773
    97         9.711
    98         9.650
    99         9.590
   100         9.531
   101         9.473
   102         9.416
   103         9.360
   104         9.305
   105         9.251
   106         9.197
   107         9.145
   108         9.093
   109         9.042
   110         8.991
   111         8.942
   112         8.893
   113         8.845
   114         8.797
   115         8.750
   116         8.704
   117         8.659
   118         8.614
   119         8.569
   120         8.526
   121         8.482
   122         8.440
   123         8.398
   124         8.357
   125         8.316
   126         8.275
   127         8.235
   128         8.196
   129         8.157
   130         8.119
   131         8.081
   132         8.043
   133         8.007
   134         7.970
   135         7.934
   136         7.898
   137         7.863
   138         7.828
   139         7.794
   140         7.760
   141         7.726
   142         7.693
   143         7.660
   144         7.628
   145         7.595
   146         7.564
   147         7.532
   148         7.501
   149         7.471
   150         7.440
   151         7.410
   152         7.380
   153         7.351
   154         7.322
   155         7.293
   156         7.264
   157         7.236
   158         7.208
   159         7.181
   160         7.153
   161         7.126
   162         7.099
   163         7.073
   164         7.046
   165         7.020
   166         6.994
   167         6.969
   168         6.944
   169         6.919
   170         6.894
   171         6.869
   172         6.845
   173         6.821
   174         6.797
   175         6.773
   176         6.750
   177         6.726
   178         6.703
   179         6.681
   180         6.658
   181         6.636
   182         6.613
   183         6.591
   184         6.570
   185         6.548
   186         6.526
   187         6.505
   188         6.484
   189         6.463
   190         6.443
   191         6.422
   192         6.402
   193         6.381
   194         6.361
   195         6.341
   196         6.322
   197         6.302
   198         6.283
   199         6.264
   200         6.245
   201         6.226
   202         6.207
   203         6.188
   204         6.170
   205         6.151
   206         6.133
   207         6.115
   208         6.097
   209         6.080
   210         6.062
   211         6.044
   212         6.027
   213         6.010
   214         5.993
   215         5.976
   216         5.959
   217         5.942
   218         5.926
   219         5.909
   220         5.893
   221         5.877
   222         5.860
   223         5.844
   224         5.829
   225         5.813
   226         5.797
   227         5.782
   228         5.766
   229         5.751
   230         5.736
   231         5.720
   232         5.705
   233         5.691
   234         5.676
   235         5.661
   236         5.646
   237         5.632
   238         5.617
   239         5.603
   240         5.589
   241         5.575
   242         5.561
   243         5.547
   244         5.533
   245         5.519
   246         5.505
   247         5.492
   248         5.478
   249         5.465
   250         5.452
   251         5.438
   252         5.425
   253         5.412
   254         5.399
   255         5.386
   256         5.373
   257         5.361
   258         5.348
   259         5.335
   260         5.323
   261         5.310
   262         5.298
   263         5.286
   264         5.273
   265         5.261
   266         5.249
   267         5.237
   268         5.225
   269         5.213
   270         5.202
   271         5.190
   272         5.178
   273         5.167
   274         5.155
   275         5.144
   276         5.132
   277         5.121
   278         5.110
   279         5.098
   280         5.087
   281         5.076
   282         5.065
   283         5.054
   284         5.043
   285         5.032
   286         5.022
   287         5.011
   288         5.000
   289         4.990
   290         4.979
   291         4.969
   292         4.958
   293         4.948
   294         4.937
   295         4.927
   296         4.917
   297         4.907
   298         4.897
   299         4.887
   300         4.877
   301         4.867
   302         4.857
   303         4.847
   304         4.837
   305         4.827
   306         4.817
   307         4.808
   308         4.798
   309         4.789
   310         4.779
   311         4.770
   312         4.760
   313         4.751
   314         4.741
   315         4.732
   316         4.723
   317         4.714
   318         4.705
   319         4.695
   320         4.686
   321         4.677
   322         4.668
   323         4.659
   324         4.650
   325         4.642
   326         4.633
   327         4.624
   328         4.615
   329         4.606
   330         4.598
   331         4.589
   332         4.581
   333         4.572
   334         4.564
   335         4.555
   336         4.547
   337         4.538
   338         4.530
   339         4.522
   340         4.513
   341         4.505
   342         4.497
   343         4.489
   344         4.480
   345         4.472
   346         4.464
   347         4.456
   348         4.448
   349         4.440
   350         4.432
   351         4.424
   352         4.416
   353         4.409
   354         4.401
   355         4.393
   356         4.385
   357         4.377
   358         4.370
   359         4.362
   360         4.354
   361         4.347
   362         4.339
   363         4.332
   364         4.324
   365         4.317
   366         4.309
   367         4.302
   368         4.294
   369         4.287
   370         4.280
   371         4.272
   372         4.265
   373         4.258
   374         4.251
   375         4.244
   376         4.236
   377         4.229
   378         4.222
   379         4.215
   380         4.208
   381         4.201
   382         4.194
   383         4.187
   384         4.180
   385         4.173
   386         4.166
   387         4.159
   388         4.152
   389         4.145
   390         4.139
   391         4.132
   392         4.125
   393         4.118
   394         4.112
   395         4.105
   396         4.098
   397         4.092
   398         4.085
   399         4.078
   400         4.072
   401         4.065
   402         4.059
   403         4.052
   404         4.046
   405         4.039
   406         4.033
   407         4.026
   408         4.020
   409         4.013
   410         4.007
   411         4.001
   412         3.994
   413         3.988
   414         3.982
   415         3.976
   416         3.969
   417         3.963
   418         3.957
   419         3.951
   420         3.945
   421         3.938
   422         3.932
   423         3.926
   424         3.920
   425         3.914
   426         3.908
   427         3.902
   428         3.896
   429         3.890
   430         3.884
   431         3.878
   432         3.872
   433         3.866
   434         3.860
   435         3.854
   436         3.849
   437         3.843
   438         3.837
   439         3.831
   440         3.825
   441         3.820
   442         3.814
   443         3.808
   444         3.802
   445         3.797
   446         3.791
   447         3.785
   448         3.780
   449         3.774
   450         3.768
   451         3.763
   452         3.757
   453         3.752
   454         3.746
   455         3.741
   456         3.735
   457         3.730
   458         3.724
   459         3.719
   460         3.713
   461         3.708
   462         3.702
   463         3.697
   464         3.692
   465         3.686
   466         3.681
   467         3.676
   468         3.670
   469         3.665
   470         3.660
   471         3.654
   472         3.649
   473         3.644
   474         3.639
   475         3.633
   476         3.628
   477         3.623
   478         3.618
   479         3.613
   480         3.608
   481         3.602
   482         3.597
   483         3.592
   484         3.587
   485         3.582
   486         3.577
   487         3.572
   488         3.567
   489         3.562
   490         3.557
   491         3.552
   492         3.547
   493         3.542
   494         3.537
   495         3.532
   496         3.528
   497         3.523
   498         3.518
   499         3.513
   500         3.508
   501         3.503
   502         3.498
   503         3.494
   504         3.489
   505         3.484
   506         3.479
   507         3.475
   508         3.470
   509         3.465
   510         3.460
   511         3.456
   512         3.451
   513         3.446
   514         3.442
   515         3.437
   516         3.433
   517         3.428
   518         3.423
   519         3.419
   520         3.414
   521         3.410
   522         3.405
   523         3.401
   524         3.396
   525         3.392
   526         3.387
   527         3.383
   528         3.378
   529         3.374
   530         3.369
   531         3.365
   532         3.361
   533         3.356
   534         3.352
   535         3.347
   536         3.343
   537         3.339
   538         3.335
   539         3.330
   540         3.326
   541         3.322
   542         3.317
   543         3.313
   544         3.309
   545         3.305
   546         3.300
   547         3.296
   548         3.292
   549         3.288
   550         3.284
   551         3.280
   552         3.275
   553         3.271
   554         3.267
   555         3.263
   556         3.259
   557         3.255
   558         3.251
   559         3.247
   560         3.243
   561         3.239
   562         3.235
   563         3.231
   564         3.227
   565         3.223
   566         3.219
   567         3.215
   568         3.211
   569         3.207
   570         3.203
   571         3.200
   572         3.196
   573         3.192
   574         3.188
   575         3.184
   576         3.180
   577         3.177
   578         3.173
   579         3.169
   580         3.165
   581         3.161
   582         3.158
   583         3.154
   584         3.150
   585         3.146
   586         3.143
   587         3.139
   588         3.135
   589         3.132
   590         3.128
   591         3.125
   592         3.121
   593         3.117
   594         3.114
   595         3.110
   596         3.107
   597         3.103
   598         3.099
   599         3.096
   600         3.092
   601         3.089
   602         3.085
   603         3.082
   604         3.078
   605         3.075
   606         3.071
   607         3.068
   608         3.065
   609         3.061
   610         3.058
   611         3.054
   612         3.051
   613         3.047
   614         3.044
   615         3.041
   616         3.037
   617         3.034
   618         3.031
   619         3.028
   620         3.024
   621         3.021
   622         3.018
   623         3.014
   624         3.011
   625         3.008
   626         3.005
   627         3.001
   628         2.998
   629         2.995
   630         2.992
   631         2.989
   632         2.985
   633         2.982
   634         2.979
   635         2.976
   636         2.973
   637         2.970
   638         2.967
   639         2.964
   640         2.960
   641         2.957
   642         2.954
   643         2.951
   644         2.948
   645         2.945
   646         2.942
   647         2.939
   648         2.936
   649         2.933
   650         2.930
   651         2.927
   652         2.924
   653         2.921
   654         2.918
   655         2.915
   656         2.912
   657         2.909
   658         2.907
   659         2.904
   660         2.901
   661         2.898
   662         2.895
   663         2.892
   664         2.889
   665         2.886
   666         2.884
   667         2.881
   668         2.878
   669         2.875
   670         2.872
   671         2.869
   672         2.867
   673         2.864
   674         2.861
   675         2.858
   676         2.856
   677         2.853
   678         2.850
   679         2.847
   680         2.845
   681         2.842
   682         2.839
   683         2.837
   684         2.834
   685         2.831
   686         2.828
   687         2.826
   688         2.823
   689         2.820
   690         2.818
   691         2.815
   692         2.813
   693         2.810
   694         2.807
   695         2.805
   696         2.802
   697         2.800
   698         2.797
   699         2.794
   700         2.792
   701         2.789
   702         2.787
   703         2.784
   704         2.782
   705         2.779
   706         2.777
   707         2.774
   708         2.772
   709         2.769
   710         2.767
   711         2.764
   712         2.762
   713         2.759
   714         2.757
   715         2.754
   716         2.752
   717         2.749
   718         2.747
   719         2.744
   720         2.742
   721         2.740
   722         2.737
   723         2.735
   724         2.732
   725         2.730
   726         2.728
   727         2.725
   728         2.723
   729         2.720
   730         2.718
   731         2.716
   732         2.713
   733         2.711
   734         2.709
   735         2.706
   736         2.704
   737         2.702
   738         2.699
   739         2.697
   740         2.695
   741         2.692
   742         2.690
   743         2.688
   744         2.686
   745         2.683
   746         2.681
   747         2.679
   748         2.676
   749         2.674
   750         2.672
   751         2.670
   752         2.667
   753         2.665
   754         2.663
   755         2.661
   756         2.659
   757         2.656
   758         2.654
   759         2.652
   760         2.650
   761         2.648
   762         2.645
   763         2.643
   764         2.641
   765         2.639
   766         2.637
   767         2.635
   768         2.632
   769         2.630
   770         2.628
   771         2.626
   772         2.624
   773         2.622
   774         2.620
   775         2.617
   776         2.615
   777         2.613
   778         2.611
   779         2.609
   780         2.607
   781         2.605
   782         2.603
   783         2.601
   784         2.599
   785         2.597
   786         2.594
   787         2.592
   788         2.590
   789         2.588
   790         2.586
   791         2.584
   792         2.582
   793         2.580
   794         2.578
   795         2.576
   796         2.574
   797         2.572
   798         2.570
   799         2.568
   800         2.566
   801         2.564
   802         2.562
   803         2.560
   804         2.558
   805         2.556
   806         2.554
   807         2.552
   808         2.550
   809         2.548
   810         2.546
   811         2.544
   812         2.542
   813         2.540
   814         2.538
   815         2.536
   816         2.534
   817         2.532
   818         2.531
   819         2.529
   820         2.527
   821         2.525
   822         2.523
   823         2.521
   824         2.519
   825         2.517
   826         2.515
   827         2.513
   828         2.511
   829         2.509
   830         2.508
   831         2.506
   832         2.504
   833         2.502
   834         2.500
   835         2.498
   836         2.496
   837         2.495
   838         2.493
   839         2.491
   840         2.489
   841         2.487
   842         2.485
   843         2.483
   844         2.482
   845         2.480
   846         2.478
   847         2.476
   848         2.474
   849         2.472
   850         2.471
   851         2.469
   852         2.467
   853         2.465
   854         2.463
   855         2.462
   856         2.460
   857         2.458
   858         2.456
   859         2.455
   860         2.453
   861         2.451
   862         2.449
   863         2.447
   864         2.446
   865         2.444
   866         2.442
   867         2.440
   868         2.439
   869         2.437
   870         2.435
   871         2.433
   872         2.432
   873         2.430
   874         2.428
   875         2.426
   876         2.425
   877         2.423
   878         2.421
   879         2.420
   880         2.418
   881         2.416
   882         2.414
   883         2.413
   884         2.411
   885         2.409
   886         2.408
   887         2.406
   888         2.404
   889         2.403
   890         2.401
   891         2.399
   892         2.398
   893         2.396
   894         2.394
   895         2.393
   896         2.391
   897         2.389
   898         2.388
   899         2.386
   900         2.384
   901         2.383
   902         2.381
   903         2.379
   904         2.378
   905         2.376
   906         2.374
   907         2.373
   908         2.371
   909         2.369
   910         2.368
   911         2.366
   912         2.365
   913         2.363
   914         2.361
   915         2.360
   916         2.358
   917         2.357
   918         2.355
   919         2.353
   920         2.352
   921         2.350
   922         2.349
   923         2.347
   924         2.345
   925         2.344
   926         2.342
   927         2.341
   928         2.339
   929         2.338
   930         2.336
   931         2.335
   932         2.333
   933         2.331
   934         2.330
   935         2.328
   936         2.327
   937         2.325
   938         2.324
   939         2.322
   940         2.321
   941         2.319
   942         2.317
   943         2.316
   944         2.314
   945         2.313
   946         2.311
   947         2.310
   948         2.308
   949         2.307
   950         2.305
   951         2.304
   952         2.302
   953         2.301
   954         2.299
   955         2.298
   956         2.296
   957         2.295
   958         2.293
   959         2.292
   960         2.290
   961         2.289
   962         2.287
   963         2.286
   964         2.284
   965         2.283
   966         2.281
   967         2.280
   968         2.279
   969         2.277
   970         2.276
   971         2.274
   972         2.273
   973         2.271
   974         2.270
   975         2.268
   976         2.267
   977         2.265
   978         2.264
   979         2.263
   980         2.261
   981         2.260
   982         2.258
   983         2.257
   984         2.255
   985         2.254
   986         2.253
   987         2.251
   988         2.250
   989         2.248
   990         2.247
   991         2.245
   992         2.244
   993         2.243
   994         2.241
   995         2.240
   996         2.238
   997         2.237
   998         2.236
   999         2.234
  1000         2.233
  1001         2.232
  1002         2.230
  1003         2.229
  1004         2.227
  1005         2.226
  1006         2.225
  1007         2.223
  1008         2.222
  1009         2.220
  1010         2.219
  1011         2.218
  1012         2.216
  1013         2.215
  1014         2.214
  1015         2.212
  1016         2.211
  1017         2.210
  1018         2.208
  1019         2.207
  1020         2.206
  1021         2.204
  1022         2.203
  1023         2.202
  1024         2.200
  1025         2.199
  1026         2.198
  1027         2.196
  1028         2.195
  1029         2.194
  1030         2.192
  1031         2.191
  1032         2.190
  1033         2.188
  1034         2.187
  1035         2.186
  1036         2.184
  1037         2.183
  1038         2.182
  1039         2.180
  1040         2.179
  1041         2.178
  1042         2.176
  1043         2.175
  1044         2.174
  1045         2.173
  1046         2.171
  1047         2.170
  1048         2.169
  1049         2.167
  1050         2.166
  1051         2.165
  1052         2.164
  1053         2.162
  1054         2.161
  1055         2.160
  1056         2.158
  1057         2.157
  1058         2.156
  1059         2.155
  1060         2.153
  1061         2.152
  1062         2.151
  1063         2.150
  1064         2.148
  1065         2.147
  1066         2.146
  1067         2.145
  1068         2.143
  1069         2.142
  1070         2.141
  1071         2.140
  1072         2.138
  1073         2.137
  1074         2.136
  1075         2.135
  1076         2.133
  1077         2.132
  1078         2.131
  1079         2.130
  1080         2.128
  1081         2.127
  1082         2.126
  1083         2.125
  1084         2.124
  1085         2.122
  1086         2.121
  1087         2.120
  1088         2.119
  1089         2.117
  1090         2.116
  1091         2.115
  1092         2.114
  1093         2.113
  1094         2.111
  1095         2.110
  1096         2.109
  1097         2.108
  1098         2.107
  1099         2.105
  1100         2.104
  1101         2.103
  1102         2.102
  1103         2.101
  1104         2.100
  1105         2.098
  1106         2.097
  1107         2.096
  1108         2.095
  1109         2.094
  1110         2.092
  1111         2.091
  1112         2.090
  1113         2.089
  1114         2.088
  1115         2.087
  1116         2.085
  1117         2.084
  1118         2.083
  1119         2.082
  1120         2.081
  1121         2.080
  1122         2.078
  1123         2.077
  1124         2.076
  1125         2.075
  1126         2.074
  1127         2.073
  1128         2.072
  1129         2.070
  1130         2.069
  1131         2.068
  1132         2.067
  1133         2.066
  1134         2.065
  1135         2.064
  1136         2.062
  1137         2.061
  1138         2.060
  1139         2.059
  1140         2.058
  1141         2.057
  1142         2.056
  1143         2.055
  1144         2.054
  1145         2.052
  1146         2.051
  1147         2.050
  1148         2.049
  1149         2.048
  1150         2.047
  1151         2.046
  1152         2.045
  1153         2.044
  1154         2.042
  1155         2.041
  1156         2.040
  1157         2.039
  1158         2.038
  1159         2.037
  1160         2.036
  1161         2.035
  1162         2.034
  1163         2.033
  1164         2.031
  1165         2.030
  1166         2.029
  1167         2.028
  1168         2.027
  1169         2.026
  1170         2.025
  1171         2.024
  1172         2.023
  1173         2.022
  1174         2.021
  1175         2.020
  1176         2.019
  1177         2.017
  1178         2.016
  1179         2.015
  1180         2.014
  1181         2.013
  1182         2.012
  1183         2.011
  1184         2.010
  1185         2.009
  1186         2.008
  1187         2.007
  1188         2.006
  1189         2.005
  1190         2.004
  1191         2.003
  1192         2.002
  1193         2.001
  1194         2.000
  1195         1.998
  1196         1.997
  1197         1.996
  1198         1.995
  1199         1.994
  1200         1.993
  1201         1.992
  1202         1.991
  1203         1.990
  1204         1.989
  1205         1.988
  1206         1.987
  1207         1.986
  1208         1.985
  1209         1.984
  1210         1.983
  1211         1.982
  1212         1.981
  1213         1.980
  1214         1.979
  1215         1.978
  1216         1.977
  1217         1.976
  1218         1.975
  1219         1.974
  1220         1.973
  1221         1.972
  1222         1.971
  1223         1.970
  1224         1.969
  1225         1.968
  1226         1.967
  1227         1.966
  1228         1.965
  1229         1.964
  1230         1.963
  1231         1.962
  1232         1.961
  1233         1.960
  1234         1.959
  1235         1.958
  1236         1.957
  1237         1.956
  1238         1.955
  1239         1.954
  1240         1.953
  1241         1.952
  1242         1.951
  1243         1.950
  1244         1.949
  1245         1.948
  1246         1.947
  1247         1.946
  1248         1.945
  1249         1.944
  1250         1.943
  1251         1.942
  1252         1.941
  1253         1.940
  1254         1.939
  1255         1.938
  1256         1.938
  1257         1.937
  1258         1.936
  1259         1.935
  1260         1.934
  1261         1.933
  1262         1.932
  1263         1.931
  1264         1.930
  1265         1.929
  1266         1.928
  1267         1.927
  1268         1.926
  1269         1.925
  1270         1.924
  1271         1.923
  1272         1.922
  1273         1.921
  1274         1.920
  1275         1.919
  1276         1.919
  1277         1.918
  1278         1.917
  1279         1.916
  1280         1.915
  1281         1.914
  1282         1.913
  1283         1.912
  1284         1.911
  1285         1.910
  1286         1.909
  1287         1.908
  1288         1.907
  1289         1.906
  1290         1.906
  1291         1.905
  1292         1.904
  1293         1.903
  1294         1.902
  1295         1.901
  1296         1.900
  1297         1.899
  1298         1.898
  1299         1.897
  1300         1.896
  1301         1.896
  1302         1.895
  1303         1.894
  1304         1.893
  1305         1.892
  1306         1.891
  1307         1.890
  1308         1.889
  1309         1.888
  1310         1.887
  1311         1.886
  1312         1.886
  1313         1.885
  1314         1.884
  1315         1.883
  1316         1.882
  1317         1.881
  1318         1.880
  1319         1.879
  1320         1.878
  1321         1.878
  1322         1.877
  1323         1.876
  1324         1.875
  1325         1.874
  1326         1.873
  1327         1.872
  1328         1.871
  1329         1.871
  1330         1.870
  1331         1.869
  1332         1.868
  1333         1.867
  1334         1.866
  1335         1.865
  1336         1.864
  1337         1.864
  1338         1.863
  1339         1.862
  1340         1.861
  1341         1.860
  1342         1.859
  1343         1.858
  1344         1.858
  1345         1.857
  1346         1.856
  1347         1.855
  1348         1.854
  1349         1.853
  1350         1.852
  1351         1.852
  1352         1.851
  1353         1.850
  1354         1.849
  1355         1.848
  1356         1.847
  1357         1.846
  1358         1.846
  1359         1.845
  1360         1.844
  1361         1.843
  1362         1.842
  1363         1.841
  1364         1.840
  1365         1.840
  1366         1.839
  1367         1.838
  1368         1.837
  1369         1.836
  1370         1.836
  1371         1.835
  1372         1.834
  1373         1.833
  1374         1.832
  1375         1.831
  1376         1.830
  1377         1.830
  1378         1.829
  1379         1.828
  1380         1.827
  1381         1.826
  1382         1.826
  1383         1.825
  1384         1.824
  1385         1.823
  1386         1.822
  1387         1.821
  1388         1.821
  1389         1.820
  1390         1.819
  1391         1.818
  1392         1.817
  1393         1.817
  1394         1.816
  1395         1.815
  1396         1.814
  1397         1.813
  1398         1.813
  1399         1.812
  1400         1.811
  1401         1.810
  1402         1.809
  1403         1.809
  1404         1.808
  1405         1.807
  1406         1.806
  1407         1.805
  1408         1.805
  1409         1.804
  1410         1.803
  1411         1.802
  1412         1.801
  1413         1.801
  1414         1.800
  1415         1.799
  1416         1.798
  1417         1.797
  1418         1.797
  1419         1.796
  1420         1.795
  1421         1.794
  1422         1.793
  1423         1.793
  1424         1.792
  1425         1.791
  1426         1.790
  1427         1.790
  1428         1.789
  1429         1.788
  1430         1.787
  1431         1.786
  1432         1.786
  1433         1.785
  1434         1.784
  1435         1.783
  1436         1.783
  1437         1.782
  1438         1.781
  1439         1.780
  1440         1.779
  1441         1.779
  1442         1.778
  1443         1.777
  1444         1.776
  1445         1.776
  1446         1.775
  1447         1.774
  1448         1.773
  1449         1.773
  1450         1.772
  1451         1.771
  1452         1.770
  1453         1.770
  1454         1.769
  1455         1.768
  1456         1.767
  1457         1.767
  1458         1.766
  1459         1.765
  1460         1.764
  1461         1.763
  1462         1.763
  1463         1.762
  1464         1.761
  1465         1.761
  1466         1.760
  1467         1.759
  1468         1.758
  1469         1.757
  1470         1.757
  1471         1.756
  1472         1.755
  1473         1.755
  1474         1.754
  1475         1.753
  1476         1.752
  1477         1.752
  1478         1.751
  1479         1.750
  1480         1.749
  1481         1.749
  1482         1.748
  1483         1.747
  1484         1.746
  1485         1.746
  1486         1.745
  1487         1.744
  1488         1.743
  1489         1.743
  1490         1.742
  1491         1.741
  1492         1.741
  1493         1.740
  1494         1.739
  1495         1.738
  1496         1.738
  1497         1.737
  1498         1.736
  1499         1.736
  1500         1.735
  1501         1.734
  1502         1.733
  1503         1.733
  1504         1.732
  1505         1.731
  1506         1.731
  1507         1.730
  1508         1.729
  1509         1.728
  1510         1.728
  1511         1.727
  1512         1.726
  1513         1.725
  1514         1.725
  1515         1.724
  1516         1.723
  1517         1.723
  1518         1.722
  1519         1.721
  1520         1.721
  1521         1.720
  1522         1.719
  1523         1.718
  1524         1.718
  1525         1.717
  1526         1.716
  1527         1.716
  1528         1.715
  1529         1.714
  1530         1.714
  1531         1.713
  1532         1.712
  1533         1.711
  1534         1.711
  1535         1.710
  1536         1.709
  1537         1.709
  1538         1.708
  1539         1.707
  1540         1.707
  1541         1.706
  1542         1.705
  1543         1.705
  1544         1.704
  1545         1.703
  1546         1.702
  1547         1.702
  1548         1.701
  1549         1.700
  1550         1.700
  1551         1.699
  1552         1.698
  1553         1.698
  1554         1.697
  1555         1.696
  1556         1.696
  1557         1.695
  1558         1.694
  1559         1.694
  1560         1.693
  1561         1.692
  1562         1.692
  1563         1.691
  1564         1.690
  1565         1.690
  1566         1.689
  1567         1.688
  1568         1.688
  1569         1.687
  1570         1.686
  1571         1.686
  1572         1.685
  1573         1.684
  1574         1.684
  1575         1.683
  1576         1.682
  1577         1.682
  1578         1.681
  1579         1.680
  1580         1.680
  1581         1.679
  1582         1.678
  1583         1.678
  1584         1.677
  1585         1.676
  1586         1.676
  1587         1.675
  1588         1.674
  1589         1.674
  1590         1.673
  1591         1.672
  1592         1.672
  1593         1.671
  1594         1.670
  1595         1.670
  1596         1.669
  1597         1.668
  1598         1.668
  1599         1.667
  1600         1.666
  1601         1.666
  1602         1.665
  1603         1.665
  1604         1.664
  1605         1.663
  1606         1.663
  1607         1.662
  1608         1.661
  1609         1.661
  1610         1.660
  1611         1.659
  1612         1.659
  1613         1.658
  1614         1.657
  1615         1.657
  1616         1.656
  1617         1.656
  1618         1.655
  1619         1.654
  1620         1.654
  1621         1.653
  1622         1.652
  1623         1.652
  1624         1.651
  1625         1.650
  1626         1.650
  1627         1.649
  1628         1.649
  1629         1.648
  1630         1.647
  1631         1.647
  1632         1.646
  1633         1.645
  1634         1.645
  1635         1.644
  1636         1.644
  1637         1.643
  1638         1.642
  1639         1.642
  1640         1.641
  1641         1.640
  1642         1.640
  1643         1.639
  1644         1.639
  1645         1.638
  1646         1.637
  1647         1.637
  1648         1.636
  1649         1.635
  1650         1.635
  1651         1.634
  1652         1.634
  1653         1.633
  1654         1.632
  1655         1.632
  1656         1.631
  1657         1.631
  1658         1.630
  1659         1.629
  1660         1.629
  1661         1.628
  1662         1.627
  1663         1.627
  1664         1.626
  1665         1.626
  1666         1.625
  1667         1.624
  1668         1.624
  1669         1.623
  1670         1.623
  1671         1.622
  1672         1.621
  1673         1.621
  1674         1.620
  1675         1.620
  1676         1.619
  1677         1.618
  1678         1.618
  1679         1.617
  1680         1.617
  1681         1.616
  1682         1.615
  1683         1.615
  1684         1.614
  1685         1.614
  1686         1.613
  1687         1.612
  1688         1.612
  1689         1.611
  1690         1.611
  1691         1.610
  1692         1.609
  1693         1.609
  1694         1.608
  1695         1.608
  1696         1.607
  1697         1.607
  1698         1.606
  1699         1.605
  1700         1.605
  1701         1.604
  1702         1.604
  1703         1.603
  1704         1.602
  1705         1.602
  1706         1.601
  1707         1.601
  1708         1.600
  1709         1.599
  1710         1.599
  1711         1.598
  1712         1.598
  1713         1.597
  1714         1.597
  1715         1.596
  1716         1.595
  1717         1.595
  1718         1.594
  1719         1.594
  1720         1.593
  1721         1.593
  1722         1.592
  1723         1.591
  1724         1.591
  1725         1.590
  1726         1.590
  1727         1.589
  1728         1.589
  1729         1.588
  1730         1.587
  1731         1.587
  1732         1.586
  1733         1.586
  1734         1.585
  1735         1.585
  1736         1.584
  1737         1.583
  1738         1.583
  1739         1.582
  1740         1.582
  1741         1.581
  1742         1.581
  1743         1.580
  1744         1.579
  1745         1.579
  1746         1.578
  1747         1.578
  1748         1.577
  1749         1.577
  1750         1.576
  1751         1.575
  1752         1.575
  1753         1.574
  1754         1.574
  1755         1.573
  1756         1.573
  1757         1.572
  1758         1.572
  1759         1.571
  1760         1.570
  1761         1.570
  1762         1.569
  1763         1.569
  1764         1.568
  1765         1.568
  1766         1.567
  1767         1.567
  1768         1.566
  1769         1.565
  1770         1.565
  1771         1.564
  1772         1.564
  1773         1.563
  1774         1.563
  1775         1.562
  1776         1.562
  1777         1.561
  1778         1.561
  1779         1.560
  1780         1.559
  1781         1.559
  1782         1.558
  1783         1.558
  1784         1.557
  1785         1.557
  1786         1.556
  1787         1.556
  1788         1.555
  1789         1.555
  1790         1.554
  1791         1.553
  1792         1.553
  1793         1.552
  1794         1.552
  1795         1.551
  1796         1.551
  1797         1.550
  1798         1.550
  1799         1.549
  1800         1.549
  1801         1.548
  1802         1.548
  1803         1.547
  1804         1.547
  1805         1.546
  1806         1.545
  1807         1.545
  1808         1.544
  1809         1.544
  1810         1.543
  1811         1.543
  1812         1.542
  1813         1.542
  1814         1.541
  1815         1.541
  1816         1.540
  1817         1.540
  1818         1.539
  1819         1.539
  1820         1.538
  1821         1.537
  1822         1.537
  1823         1.536
  1824         1.536
  1825         1.535
  1826         1.535
  1827         1.534
  1828         1.534
  1829         1.533
  1830         1.533
  1831         1.532
  1832         1.532
  1833         1.531
  1834         1.531
  1835         1.530
  1836         1.530
  1837         1.529
  1838         1.529
  1839         1.528
  1840         1.528
  1841         1.527
  1842         1.527
  1843         1.526
  1844         1.526
  1845         1.525
  1846         1.525
  1847         1.524
  1848         1.523
  1849         1.523
  1850         1.522
  1851         1.522
  1852         1.521
  1853         1.521
  1854         1.520
  1855         1.520
  1856         1.519
  1857         1.519
  1858         1.518
  1859         1.518
  1860         1.517
  1861         1.517
  1862         1.516
  1863         1.516
  1864         1.515
  1865         1.515
  1866         1.514
  1867         1.514
  1868         1.513
  1869         1.513
  1870         1.512
  1871         1.512
  1872         1.511
  1873         1.511
  1874         1.510
  1875         1.510
  1876         1.509
  1877         1.509
  1878         1.508
  1879         1.508
  1880         1.507
  1881         1.507
  1882         1.506
  1883         1.506
  1884         1.505
  1885         1.505
  1886         1.504
  1887         1.504
  1888         1.503
  1889         1.503
  1890         1.502
  1891         1.502
  1892         1.501
  1893         1.501
  1894         1.500
  1895         1.500
  1896         1.499
  1897         1.499
  1898         1.498
  1899         1.498
  1900         1.497
  1901         1.497
  1902         1.496
  1903         1.496
  1904         1.495
  1905         1.495
  1906         1.494
  1907         1.494
  1908         1.493
  1909         1.493
  1910         1.493
  1911         1.492
  1912         1.492
  1913         1.491
  1914         1.491
  1915         1.490
  1916         1.490
  1917         1.489
  1918         1.489
  1919         1.488
  1920         1.488
  1921         1.487
  1922         1.487
  1923         1.486
  1924         1.486
  1925         1.485
  1926         1.485
  1927         1.484
  1928         1.484
  1929         1.483
  1930         1.483
  1931         1.482
  1932         1.482
  1933         1.481
  1934         1.481
  1935         1.480
  1936         1.480
  1937         1.480
  1938         1.479
  1939         1.479
  1940         1.478
  1941         1.478
  1942         1.477
  1943         1.477
  1944         1.476
  1945         1.476
  1946         1.475
  1947         1.475
  1948         1.474
  1949         1.474
  1950         1.473
  1951         1.473
  1952         1.472
  1953         1.472
  1954         1.471
  1955         1.471
  1956         1.471
  1957         1.470
  1958         1.470
  1959         1.469
  1960         1.469
  1961         1.468
  1962         1.468
  1963         1.467
  1964         1.467
  1965         1.466
  1966         1.466
  1967         1.465
  1968         1.465
  1969         1.465
  1970         1.464
  1971         1.464
  1972         1.463
  1973         1.463
  1974         1.462
  1975         1.462
  1976         1.461
  1977         1.461
  1978         1.460
  1979         1.460
  1980         1.459
  1981         1.459
  1982         1.459
  1983         1.458
  1984         1.458
  1985         1.457
  1986         1.457
  1987         1.456
  1988         1.456
  1989         1.455
  1990         1.455
  1991         1.454
  1992         1.454
  1993         1.453
  1994         1.453
  1995         1.453
  1996         1.452
  1997         1.452
  1998         1.451
  1999         1.451
  2000         1.450
  2001         1.450
  2002         1.449
  2003         1.449
  2004         1.449
  2005         1.448
  2006         1.448
  2007         1.447
  2008         1.447
  2009         1.446
  2010         1.446
  2011         1.445
  2012         1.445
  2013         1.445
  2014         1.444
  2015         1.444
  2016         1.443
  2017         1.443
  2018         1.442
  2019         1.442
  2020         1.441
  2021         1.441
  2022         1.441
  2023         1.440
  2024         1.440
  2025         1.439
  2026         1.439
  2027         1.438
  2028         1.438
  2029         1.437
  2030         1.437
  2031         1.437
  2032         1.436
  2033         1.436
  2034         1.435
  2035         1.435
  2036         1.434
  2037         1.434
  2038         1.433
  2039         1.433
  2040         1.433
  2041         1.432
  2042         1.432
  2043         1.431
  2044         1.431
  2045         1.430
  2046         1.430
  2047         1.429
  2048         1.429
  2049         1.429
  2050         1.428
  2051         1.428
  2052         1.427
  2053         1.427
  2054         1.426
  2055         1.426
  2056         1.426
  2057         1.425
  2058         1.425
  2059         1.424
  2060         1.424
  2061         1.423
  2062         1.423
  2063         1.423
  2064         1.422
  2065         1.422
  2066         1.421
  2067         1.421
  2068         1.420
  2069         1.420
  2070         1.420
  2071         1.419
  2072         1.419
  2073         1.418
  2074         1.418
  2075         1.418
  2076         1.417
  2077         1.417
  2078         1.416
  2079         1.416
  2080         1.415
  2081         1.415
  2082         1.415
  2083         1.414
  2084         1.414
  2085         1.413
  2086         1.413
  2087         1.412
  2088         1.412
  2089         1.412
  2090         1.411
  2091         1.411
  2092         1.410
  2093         1.410
  2094         1.409
  2095         1.409
  2096         1.409
  2097         1.408
  2098         1.408
  2099         1.407
  2100         1.407
  2101         1.407
  2102         1.406
  2103         1.406
  2104         1.405
  2105         1.405
  2106         1.404
  2107         1.404
  2108         1.404
  2109         1.403
  2110         1.403
  2111         1.402
  2112         1.402
  2113         1.402
  2114         1.401
  2115         1.401
  2116         1.400
  2117         1.400
  2118         1.400
  2119         1.399
  2120         1.399
  2121         1.398
  2122         1.398
  2123         1.397
  2124         1.397
  2125         1.397
  2126         1.396
  2127         1.396
  2128         1.395
  2129         1.395
  2130         1.395
  2131         1.394
  2132         1.394
  2133         1.393
  2134         1.393
  2135         1.393
  2136         1.392
  2137         1.392
  2138         1.391
  2139         1.391
  2140         1.391
  2141         1.390
  2142         1.390
  2143         1.389
  2144         1.389
  2145         1.389
  2146         1.388
  2147         1.388
  2148         1.387
  2149         1.387
  2150         1.386
  2151         1.386
  2152         1.386
  2153         1.385
  2154         1.385
  2155         1.384
  2156         1.384
  2157         1.384
  2158         1.383
  2159         1.383
  2160         1.382
  2161         1.382
  2162         1.382
  2163         1.381
  2164         1.381
  2165         1.381
  2166         1.380
  2167         1.380
  2168         1.379
  2169         1.379
  2170         1.379
  2171         1.378
  2172         1.378
  2173         1.377
  2174         1.377
  2175         1.377
  2176         1.376
  2177         1.376
  2178         1.375
  2179         1.375
  2180         1.375
  2181         1.374
  2182         1.374
  2183         1.373
  2184         1.373
  2185         1.373
  2186         1.372
  2187         1.372
  2188         1.371
  2189         1.371
  2190         1.371
  2191         1.370
  2192         1.370
  2193         1.370
  2194         1.369
  2195         1.369
  2196         1.368
  2197         1.368
  2198         1.368
  2199         1.367
  2200         1.367
  2201         1.366
  2202         1.366
  2203         1.366
  2204         1.365
  2205         1.365
  2206         1.364
  2207         1.364
  2208         1.364
  2209         1.363
  2210         1.363
  2211         1.363
  2212         1.362
  2213         1.362
  2214         1.361
  2215         1.361
  2216         1.361
  2217         1.360
  2218         1.360
  2219         1.360
  2220         1.359
  2221         1.359
  2222         1.358
  2223         1.358
  2224         1.358
  2225         1.357
  2226         1.357
  2227         1.356
  2228         1.356
  2229         1.356
  2230         1.355
  2231         1.355
  2232         1.355
  2233         1.354
  2234         1.354
  2235         1.353
  2236         1.353
  2237         1.353
  2238         1.352
  2239         1.352
  2240         1.352
  2241         1.351
  2242         1.351
  2243         1.350
  2244         1.350
  2245         1.350
  2246         1.349
  2247         1.349
  2248         1.349
  2249         1.348
  2250         1.348
  2251         1.347
  2252         1.347
  2253         1.347
  2254         1.346
  2255         1.346
  2256         1.346
  2257         1.345
  2258         1.345
  2259         1.344
  2260         1.344
  2261         1.344
  2262         1.343
  2263         1.343
  2264         1.343
  2265         1.342
  2266         1.342
  2267         1.342
  2268         1.341
  2269         1.341
  2270         1.340
  2271         1.340
  2272         1.340
  2273         1.339
  2274         1.339
  2275         1.339
  2276         1.338
  2277         1.338
  2278         1.337
  2279         1.337
  2280         1.337
  2281         1.336
  2282         1.336
  2283         1.336
  2284         1.335
  2285         1.335
  2286         1.335
  2287         1.334
  2288         1.334
  2289         1.333
  2290         1.333
  2291         1.333
  2292         1.332
  2293         1.332
  2294         1.332
  2295         1.331
  2296         1.331
  2297         1.331
  2298         1.330
  2299         1.330
  2300         1.330
  2301         1.329
  2302         1.329
  2303         1.328
  2304         1.328
  2305         1.328
  2306         1.327
  2307         1.327
  2308         1.327
  2309         1.326
  2310         1.326
  2311         1.326
  2312         1.325
  2313         1.325
  2314         1.324
  2315         1.324
  2316         1.324
  2317         1.323
  2318         1.323
  2319         1.323
  2320         1.322
  2321         1.322
  2322         1.322
  2323         1.321
  2324         1.321
  2325         1.321
  2326         1.320
  2327         1.320
  2328         1.320
  2329         1.319
  2330         1.319
  2331         1.318
  2332         1.318
  2333         1.318
  2334         1.317
  2335         1.317
  2336         1.317
  2337         1.316
  2338         1.316
  2339         1.316
  2340         1.315
  2341         1.315
  2342         1.315
  2343         1.314
  2344         1.314
  2345         1.314
  2346         1.313
  2347         1.313
  2348         1.313
  2349         1.312
  2350         1.312
  2351         1.311
  2352         1.311
  2353         1.311
  2354         1.310
  2355         1.310
  2356         1.310
  2357         1.309
  2358         1.309
  2359         1.309
  2360         1.308
  2361         1.308
  2362         1.308
  2363         1.307
  2364         1.307
  2365         1.307
  2366         1.306
  2367         1.306
  2368         1.306
  2369         1.305
  2370         1.305
  2371         1.305
  2372         1.304
  2373         1.304
  2374         1.304
  2375         1.303
  2376         1.303
  2377         1.303
  2378         1.302
  2379         1.302
  2380         1.302
  2381         1.301
  2382         1.301
  2383         1.300
  2384         1.300
  2385         1.300
  2386         1.299
  2387         1.299
  2388         1.299
  2389         1.298
  2390         1.298
  2391         1.298
  2392         1.297
  2393         1.297
  2394         1.297
  2395         1.296
  2396         1.296
  2397         1.296
  2398         1.295
  2399         1.295
  2400         1.295
  2401         1.294
  2402         1.294
  2403         1.294
  2404         1.293
  2405         1.293
  2406         1.293
  2407         1.292
  2408         1.292
  2409         1.292
  2410         1.291
  2411         1.291
  2412         1.291
  2413         1.290
  2414         1.290
  2415         1.290
  2416         1.289
  2417         1.289
  2418         1.289
  2419         1.288
  2420         1.288
  2421         1.288
  2422         1.287
  2423         1.287
  2424         1.287
  2425         1.286
  2426         1.286
  2427         1.286
  2428         1.285
  2429         1.285
  2430         1.285
  2431         1.284
  2432         1.284
  2433         1.284
  2434         1.283
  2435         1.283
  2436         1.283
  2437         1.282
  2438         1.282
  2439         1.282
  2440         1.282
  2441         1.281
  2442         1.281
  2443         1.280
  2444         1.280
  2445         1.280
  2446         1.280
  2447         1.279
  2448         1.279
  2449         1.279
  2450         1.278
  2451         1.278
  2452         1.278
  2453         1.277
  2454         1.277
  2455         1.277
  2456         1.276
  2457         1.276
  2458         1.276
  2459         1.275
  2460         1.275
  2461         1.275
  2462         1.274
  2463         1.274
  2464         1.274
  2465         1.273
  2466         1.273
  2467         1.273
  2468         1.272
  2469         1.272
  2470         1.272
  2471         1.271
  2472         1.271
  2473         1.271
  2474         1.270
  2475         1.270
  2476         1.270
  2477         1.270
  2478         1.269
  2479         1.269
  2480         1.269
  2481         1.268
  2482         1.268
  2483         1.268
  2484         1.267
  2485         1.267
  2486         1.267
  2487         1.266
  2488         1.266
  2489         1.266
  2490         1.265
  2491         1.265
  2492         1.265
  2493         1.264
  2494         1.264
  2495         1.264
  2496         1.264
  2497         1.263
  2498         1.263
  2499         1.263
  2500         1.262
  2501         1.262
  2502         1.262
  2503         1.261
  2504         1.261
  2505         1.261
  2506         1.260
  2507         1.260
  2508         1.260
  2509         1.259
  2510         1.259
  2511         1.259
  2512         1.258
  2513         1.258
  2514         1.258
  2515         1.258
  2516         1.257
  2517         1.257
  2518         1.257
  2519         1.256
  2520         1.256
  2521         1.256
  2522         1.255
  2523         1.255
  2524         1.255
  2525         1.254
  2526         1.254
  2527         1.254
  2528         1.254
  2529         1.253
  2530         1.253
  2531         1.253
  2532         1.252
  2533         1.252
  2534         1.252
  2535         1.251
  2536         1.251
  2537         1.251
  2538         1.250
  2539         1.250
  2540         1.250
  2541         1.250
  2542         1.249
  2543         1.249
  2544         1.249
  2545         1.248
  2546         1.248
  2547         1.248
  2548         1.247
  2549         1.247
  2550         1.247
  2551         1.246
  2552         1.246
  2553         1.246
  2554         1.246
  2555         1.245
  2556         1.245
  2557         1.245
  2558         1.244
  2559         1.244
  2560         1.244
  2561         1.243
  2562         1.243
  2563         1.243
  2564         1.243
  2565         1.242
  2566         1.242
  2567         1.242
  2568         1.241
  2569         1.241
  2570         1.241
  2571         1.240
  2572         1.240
  2573         1.240
  2574         1.240
  2575         1.239
  2576         1.239
  2577         1.239
  2578         1.238
  2579         1.238
  2580         1.238
  2581         1.237
  2582         1.237
  2583         1.237
  2584         1.237
  2585         1.236
  2586         1.236
  2587         1.236
  2588         1.235
  2589         1.235
  2590         1.235
  2591         1.234
  2592         1.234
  2593         1.234
  2594         1.234
  2595         1.233
  2596         1.233
  2597         1.233
  2598         1.232
  2599         1.232
  2600         1.232
  2601         1.232
  2602         1.231
  2603         1.231
  2604         1.231
  2605         1.230
  2606         1.230
  2607         1.230
  2608         1.229
  2609         1.229
  2610         1.229
  2611         1.229
  2612         1.228
  2613         1.228
  2614         1.228
  2615         1.227
  2616         1.227
  2617         1.227
  2618         1.227
  2619         1.226
  2620         1.226
  2621         1.226
  2622         1.225
  2623         1.225
  2624         1.225
  2625         1.224
  2626         1.224
  2627         1.224
  2628         1.224
  2629         1.223
  2630         1.223
  2631         1.223
  2632         1.222
  2633         1.222
  2634         1.222
  2635         1.222
  2636         1.221
  2637         1.221
  2638         1.221
  2639         1.220
  2640         1.220
  2641         1.220
  2642         1.220
  2643         1.219
  2644         1.219
  2645         1.219
  2646         1.218
  2647         1.218
  2648         1.218
  2649         1.218
  2650         1.217
  2651         1.217
  2652         1.217
  2653         1.216
  2654         1.216
  2655         1.216
  2656         1.216
  2657         1.215
  2658         1.215
  2659         1.215
  2660         1.214
  2661         1.214
  2662         1.214
  2663         1.214
  2664         1.213
  2665         1.213
  2666         1.213
  2667         1.212
  2668         1.212
  2669         1.212
  2670         1.212
  2671         1.211
  2672         1.211
  2673         1.211
  2674         1.210
  2675         1.210
  2676         1.210
  2677         1.210
  2678         1.209
  2679         1.209
  2680         1.209
  2681         1.208
  2682         1.208
  2683         1.208
  2684         1.208
  2685         1.207
  2686         1.207
  2687         1.207
  2688         1.207
  2689         1.206
  2690         1.206
  2691         1.206
  2692         1.205
  2693         1.205
  2694         1.205
  2695         1.205
  2696         1.204
  2697         1.204
  2698         1.204
  2699         1.203
  2700         1.203
  2701         1.203
  2702         1.203
  2703         1.202
  2704         1.202
  2705         1.202
  2706         1.202
  2707         1.201
  2708         1.201
  2709         1.201
  2710         1.200
  2711         1.200
  2712         1.200
  2713         1.200
  2714         1.199
  2715         1.199
  2716         1.199
  2717         1.198
  2718         1.198
  2719         1.198
  2720         1.198
  2721         1.197
  2722         1.197
  2723         1.197
  2724         1.197
  2725         1.196
  2726         1.196
  2727         1.196
  2728         1.196
  2729         1.195
  2730         1.195
  2731         1.195
  2732         1.194
  2733         1.194
  2734         1.194
  2735         1.194
  2736         1.193
  2737         1.193
  2738         1.193
  2739         1.192
  2740         1.192
  2741         1.192
  2742         1.192
  2743         1.191
  2744         1.191
  2745         1.191
  2746         1.191
  2747         1.190
  2748         1.190
  2749         1.190
  2750         1.190
  2751         1.189
  2752         1.189
  2753         1.189
  2754         1.188
  2755         1.188
  2756         1.188
  2757         1.188
  2758         1.187
  2759         1.187
  2760         1.187
  2761         1.187
  2762         1.186
  2763         1.186
  2764         1.186
  2765         1.186
  2766         1.185
  2767         1.185
  2768         1.185
  2769         1.184
  2770         1.184
  2771         1.184
  2772         1.184
  2773         1.183
  2774         1.183
  2775         1.183
  2776         1.183
  2777         1.182
  2778         1.182
  2779         1.182
  2780         1.182
  2781         1.181
  2782         1.181
  2783         1.181
  2784         1.180
  2785         1.180
  2786         1.180
  2787         1.180
  2788         1.179
  2789         1.179
  2790         1.179
  2791         1.179
  2792         1.178
  2793         1.178
  2794         1.178
  2795         1.178
  2796         1.177
  2797         1.177
  2798         1.177
  2799         1.177
  2800         1.176
  2801         1.176
  2802         1.176
  2803         1.175
  2804         1.175
  2805         1.175
  2806         1.175
  2807         1.174
  2808         1.174
  2809         1.174
  2810         1.174
  2811         1.173
  2812         1.173
  2813         1.173
  2814         1.173
  2815         1.172
  2816         1.172
  2817         1.172
  2818         1.172
  2819         1.171
  2820         1.171
  2821         1.171
  2822         1.171
  2823         1.170
  2824         1.170
  2825         1.170
  2826         1.170
  2827         1.169
  2828         1.169
  2829         1.169
  2830         1.168
  2831         1.168
  2832         1.168
  2833         1.168
  2834         1.167
  2835         1.167
  2836         1.167
  2837         1.167
  2838         1.166
  2839         1.166
  2840         1.166
  2841         1.166
  2842         1.165
  2843         1.165
  2844         1.165
  2845         1.165
  2846         1.164
  2847         1.164
  2848         1.164
  2849         1.164
  2850         1.163
  2851         1.163
  2852         1.163
  2853         1.163
  2854         1.162
  2855         1.162
  2856         1.162
  2857         1.162
  2858         1.161
  2859         1.161
  2860         1.161
  2861         1.161
  2862         1.160
  2863         1.160
  2864         1.160
  2865         1.160
  2866         1.159
  2867         1.159
  2868         1.159
  2869         1.159
  2870         1.158
  2871         1.158
  2872         1.158
  2873         1.158
  2874         1.157
  2875         1.157
  2876         1.157
  2877         1.157
  2878         1.156
  2879         1.156
  2880         1.156
  2881         1.156
  2882         1.155
  2883         1.155
  2884         1.155
  2885         1.155
  2886         1.154
  2887         1.154
  2888         1.154
  2889         1.154
  2890         1.153
  2891         1.153
  2892         1.153
  2893         1.153
  2894         1.152
  2895         1.152
  2896         1.152
  2897         1.152
  2898         1.151
  2899         1.151
  2900         1.151
  2901         1.151
  2902         1.150
  2903         1.150
  2904         1.150
  2905         1.150
  2906         1.149
  2907         1.149
  2908         1.149
  2909         1.149
  2910         1.148
  2911         1.148
  2912         1.148
  2913         1.148
  2914         1.147
  2915         1.147
  2916         1.147
  2917         1.147
  2918         1.146
  2919         1.146
  2920         1.146
  2921         1.146
  2922         1.145
  2923         1.145
  2924         1.145
  2925         1.145
  2926         1.144
  2927         1.144
  2928         1.144
  2929         1.144
  2930         1.144
  2931         1.143
  2932         1.143
  2933         1.143
  2934         1.143
  2935         1.142
  2936         1.142
  2937         1.142
  2938         1.142
  2939         1.141
  2940         1.141
  2941         1.141
  2942         1.141
  2943         1.140
  2944         1.140
  2945         1.140
  2946         1.140
  2947         1.139
  2948         1.139
  2949         1.139
  2950         1.139
  2951         1.138
  2952         1.138
  2953         1.138
  2954         1.138
  2955         1.137
  2956         1.137
  2957         1.137
  2958         1.137
  2959         1.136
  2960         1.136
  2961         1.136
  2962         1.136
  2963         1.136
  2964         1.135
  2965         1.135
  2966         1.135
  2967         1.135
  2968         1.134
  2969         1.134
  2970         1.134
  2971         1.134
  2972         1.133
  2973         1.133
  2974         1.133
  2975         1.133
  2976         1.132
  2977         1.132
  2978         1.132
  2979         1.132
  2980         1.132
  2981         1.131
  2982         1.131
  2983         1.131
  2984         1.131
  2985         1.130
  2986         1.130
  2987         1.130
  2988         1.130
  2989         1.129
  2990         1.129
  2991         1.129
  2992         1.129
  2993         1.128
  2994         1.128
  2995         1.128
  2996         1.128
  2997         1.128
  2998         1.127
  2999         1.127
  3000         1.127
