     2       131.228
     3       106.246
     4        91.536
     5        81.587
     6        74.297
     7        68.665
     8        64.148
     9        60.423
    10        57.285
    11        54.595
    12        52.256
    13        50.198
    14        48.370
    15        46.732
    16        45.253
    17        43.910
    18        42.682
    19        41.555
    20        40.515
    21        39.552
    22        38.657
    23        37.822
    24        37.041
    25        36.308
    26        35.618
    27        34.968
    28        34.354
    29        33.772
    30        33.220
    31        32.695
    32        32.196
    33        31.720
    34        31.265
    35        30.830
    36        30.414
    37        30.015
    38        29.632
    39        29.264
    40        28.910
    41        28.569
    42        28.240
    43        27.923
    44        27.618
    45        27.322
    46        27.036
    47        26.760
    48        26.492
    49        26.232
    50        25.980
    51        25.736
    52        25.499
    53        25.269
    54        25.045
    55        24.827
    56        24.615
    57        24.409
    58        24.208
    59        24.012
    60        23.821
    61        23.635
    62        23.453
    63        23.275
    64        23.102
    65        22.933
    66        22.767
    67        22.605
    68        22.447
    69        22.292
    70        22.141
    71        21.992
    72        21.847
    73        21.704
    74        21.565
    75        21.428
    76        21.294
    77        21.163
    78        21.033
    79        20.907
    80        20.783
    81        20.661
    82        20.541
    83        20.423
    84        20.307
    85        20.194
    86        20.082
    87        19.972
    88        19.864
    89        19.758
    90        19.654
    91        19.551
    92        19.449
    93        19.350
    94        19.252
    95        19.155
    96        19.060
    97        18.966
    98        18.874
    99        18.783
   100        18.694
   101        18.605
   102        18.518
   103        18.432
   104        18.348
   105        18.264
   106        18.182
   107        18.101
   108        18.021
   109        17.941
   110        17.863
   111        17.786
   112        17.710
   113        17.635
   114        17.561
   115        17.488
   116        17.415
   117        17.344
   118        17.273
   119        17.204
   120        17.135
   121        17.067
   122        16.999
   123        16.933
   124        16.867
   125        16.802
   126        16.738
   127        16.674
   128        16.611
   129        16.549
   130        16.488
   131        16.427
   132        16.367
   133        16.307
   134        16.248
   135        16.190
   136        16.132
   137        16.075
   138        16.019
   139        15.963
   140        15.907
   141        15.852
   142        15.798
   143        15.744
   144        15.691
   145        15.638
   146        15.586
   147        15.535
   148        15.483
   149        15.433
   150        15.382
   151        15.332
   152        15.283
   153        15.234
   154        15.186
   155        15.138
   156        15.090
   157        15.043
   158        14.996
   159        14.950
   160        14.904
   161        14.858
   162        14.813
   163        14.768
   164        14.724
   165        14.680
   166        14.636
   167        14.593
   168        14.550
   169        14.508
   170        14.465
   171        14.423
   172        14.382
   173        14.341
   174        14.300
   175        14.259
   176        14.219
   177        14.179
   178        14.139
   179        14.100
   180        14.061
   181        14.022
   182        13.984
   183        13.946
   184        13.908
   185        13.870
   186        13.833
   187        13.796
   188        13.759
   189        13.723
   190        13.686
   191        13.650
   192        13.615
   193        13.579
   194        13.544
   195        13.509
   196        13.474
   197        13.440
   198        13.405
   199        13.371
   200        13.338
   201        13.304
   202        13.271
   203        13.238
   204        13.205
   205        13.172
   206        13.140
   207        13.107
   208        13.075
   209        13.043
   210        13.012
   211        12.981
   212        12.949
   213        12.918
   214        12.887
   215        12.857
   216        12.826
   217        12.796
   218        12.766
   219        12.736
   220        12.707
   221        12.677
   222        12.648
   223        12.619
   224        12.590
   225        12.561
   226        12.532
   227        12.504
   228        12.476
   229        12.447
   230        12.420
   231        12.392
   232        12.364
   233        12.337
   234        12.309
   235        12.282
   236        12.255
   237        12.228
   238        12.202
   239        12.175
   240        12.149
   241        12.123
   242        12.097
   243        12.071
   244        12.045
   245        12.019
   246        11.994
   247        11.968
   248        11.943
   249        11.918
   250        11.893
   251        11.868
   252        11.844
   253        11.819
   254        11.794
   255        11.770
   256        11.746
   257        11.722
   258        11.698
   259        11.674
   260        11.651
   261        11.627
   262        11.604
   263        11.580
   264        11.557
   265        11.534
   266        11.511
   267        11.488
   268        11.466
   269        11.443
   270        11.420
   271        11.398
   272        11.376
   273        11.354
   274        11.332
   275        11.310
   276        11.288
   277        11.266
   278        11.245
   279        11.223
   280        11.202
   281        11.180
   282        11.159
   283        11.138
   284        11.117
   285        11.096
   286        11.075
   287        11.055
   288        11.034
   289        11.013
   290        10.993
   291        10.973
   292        10.952
   293        10.932
   294        10.912
   295        10.892
   296        10.872
   297        10.853
   298        10.833
   299        10.813
   300        10.794
   301        10.774
   302        10.755
   303        10.736
   304        10.717
   305        10.698
   306        10.679
   307        10.660
   308        10.641
   309        10.622
   310        10.603
   311        10.585
   312        10.566
   313        10.548
   314        10.530
   315        10.511
   316        10.493
   317        10.475
   318        10.457
   319        10.439
   320        10.421
   321        10.403
   322        10.386
   323        10.368
   324        10.350
   325        10.333
   326        10.316
   327        10.298
   328        10.281
   329        10.264
   330        10.247
   331        10.229
   332        10.212
   333        10.195
   334        10.179
   335        10.162
   336        10.145
   337        10.129
   338        10.112
   339        10.095
   340        10.079
   341        10.062
   342        10.046
   343        10.030
   344        10.014
   345         9.998
   346         9.981
   347         9.965
   348         9.950
   349         9.934
   350         9.918
   351         9.902
   352         9.886
   353         9.871
   354         9.855
   355         9.840
   356         9.824
   357         9.809
   358         9.793
   359         9.778
   360         9.763
   361         9.748
   362         9.733
   363         9.718
   364         9.703
   365         9.688
   366         9.673
   367         9.658
   368         9.643
   369         9.628
   370         9.614
   371         9.599
   372         9.585
   373         9.570
   374         9.556
   375         9.541
   376         9.527
   377         9.513
   378         9.498
   379         9.484
   380         9.470
   381         9.456
   382         9.442
   383         9.428
   384         9.414
   385         9.400
   386         9.386
   387         9.372
   388         9.359
   389         9.345
   390         9.331
   391         9.318
   392         9.304
   393         9.291
   394         9.277
   395         9.264
   396         9.251
   397         9.237
   398         9.224
   399         9.211
   400         9.198
   401         9.185
   402         9.171
   403         9.158
   404         9.145
   405         9.132
   406         9.120
   407         9.107
   408         9.094
   409         9.081
   410         9.068
   411         9.056
   412         9.043
   413         9.030
   414         9.018
   415         9.005
   416         8.993
   417         8.980
   418         8.968
   419         8.956
   420         8.943
   421         8.931
   422         8.919
   423         8.907
   424         8.895
   425         8.882
   426         8.870
   427         8.858
   428         8.846
   429         8.834
   430         8.823
   431         8.811
   432         8.799
   433         8.787
   434         8.775
   435         8.763
   436         8.752
   437         8.740
   438         8.729
   439         8.717
   440         8.705
   441         8.694
   442         8.682
   443         8.671
   444         8.660
   445         8.648
   446         8.637
   447         8.626
   448         8.615
   449         8.603
   450         8.592
   451         8.581
   452         8.570
   453         8.559
   454         8.548
   455         8.537
   456         8.526
   457         8.515
   458         8.504
   459         8.493
   460         8.482
   461         8.471
   462         8.461
   463         8.450
   464         8.439
   465         8.428
   466         8.418
   467         8.407
   468         8.397
   469         8.386
   470         8.376
   471         8.365
   472         8.355
   473         8.344
   474         8.334
   475         8.324
   476         8.313
   477         8.303
   478         8.293
   479         8.282
   480         8.272
   481         8.262
   482         8.252
   483         8.242
   484         8.232
   485         8.222
   486         8.212
   487         8.202
   488         8.192
   489         8.182
   490         8.172
   491         8.162
   492         8.152
   493         8.142
   494         8.132
   495         8.123
   496         8.113
   497         8.103
   498         8.094
   499         8.084
   500         8.074
   501         8.065
   502         8.055
   503         8.046
   504         8.036
   505         8.027
   506         8.017
   507         8.008
   508         7.998
   509         7.989
   510         7.979
   511         7.970
   512         7.961
   513         7.952
   514         7.942
   515         7.933
   516         7.924
   517         7.915
   518         7.906
   519         7.896
   520         7.887
   521         7.878
   522         7.869
   523         7.860
   524         7.851
   525         7.842
   526         7.833
   527         7.824
   528         7.816
   529         7.807
   530         7.798
   531         7.789
   532         7.780
   533         7.771
   534         7.763
   535         7.754
   536         7.745
   537         7.736
   538         7.728
   539         7.719
   540         7.710
   541         7.702
   542         7.693
   543         7.685
   544         7.676
   545         7.668
   546         7.659
   547         7.651
   548         7.642
   549         7.634
   550         7.626
   551         7.617
   552         7.609
   553         7.601
   554         7.592
   555         7.584
   556         7.576
   557         7.568
   558         7.559
   559         7.551
   560         7.543
   561         7.535
   562         7.527
   563         7.519
   564         7.510
   565         7.502
   566         7.494
   567         7.486
   568         7.478
   569         7.470
   570         7.462
   571         7.454
   572         7.447
   573         7.439
   574         7.431
   575         7.423
   576         7.415
   577         7.407
   578         7.399
   579         7.392
   580         7.384
   581         7.376
   582         7.368
   583         7.361
   584         7.353
   585         7.345
   586         7.338
   587         7.330
   588         7.322
   589         7.315
   590         7.307
   591         7.300
   592         7.292
   593         7.285
   594         7.277
   595         7.270
   596         7.262
   597         7.255
   598         7.247
   599         7.240
   600         7.233
   601         7.225
   602         7.218
   603         7.211
   604         7.203
   605         7.196
   606         7.189
   607         7.181
   608         7.174
   609         7.167
   610         7.160
   611         7.153
   612         7.145
   613         7.138
   614         7.131
   615         7.124
   616         7.117
   617         7.110
   618         7.103
   619         7.096
   620         7.089
   621         7.082
   622         7.075
   623         7.068
   624         7.061
   625         7.054
   626         7.047
   627         7.040
   628         7.033
   629         7.026
   630         7.019
   631         7.012
   632         7.006
   633         6.999
   634         6.992
   635         6.985
   636         6.978
   637         6.972
   638         6.965
   639         6.958
   640         6.951
   641         6.945
   642         6.938
   643         6.931
   644         6.925
   645         6.918
   646         6.912
   647         6.905
   648         6.898
   649         6.892
   650         6.885
   651         6.879
   652         6.872
   653         6.866
   654         6.859
   655         6.853
   656         6.846
   657         6.840
   658         6.833
   659         6.827
   660         6.821
   661         6.814
   662         6.808
   663         6.801
   664         6.795
   665         6.789
   666         6.782
   667         6.776
   668         6.770
   669         6.764
   670         6.757
   671         6.751
   672         6.745
   673         6.739
   674         6.732
   675         6.726
   676         6.720
   677         6.714
   678         6.708
   679         6.702
   680         6.696
   681         6.689
   682         6.683
   683         6.677
   684         6.671
   685         6.665
   686         6.659
   687         6.653
   688         6.647
   689         6.641
   690         6.635
   691         6.629
   692         6.623
   693         6.617
   694         6.611
   695         6.605
   696         6.599
   697         6.594
   698         6.588
   699         6.582
   700         6.576
   701         6.570
   702         6.564
   703         6.558
   704         6.553
   705         6.547
   706         6.541
   707         6.535
   708         6.530
   709         6.524
   710         6.518
   711         6.512
   712         6.507
   713         6.501
   714         6.495
   715         6.490
   716         6.484
   717         6.478
   718         6.473
   719         6.467
   720         6.461
   721         6.456
   722         6.450
   723         6.445
   724         6.439
   725         6.434
   726         6.428
   727         6.423
   728         6.417
   729         6.412
   730         6.406
   731         6.401
   732         6.395
   733         6.390
   734         6.384
   735         6.379
   736         6.373
   737         6.368
   738         6.363
   739         6.357
   740         6.352
   741         6.346
   742         6.341
   743         6.336
   744         6.330
   745         6.325
   746         6.320
   747         6.315
   748         6.309
   749         6.304
   750         6.299
   751         6.293
   752         6.288
   753         6.283
   754         6.278
   755         6.272
   756         6.267
   757         6.262
   758         6.257
   759         6.252
   760         6.247
   761         6.241
   762         6.236
   763         6.231
   764         6.226
   765         6.221
   766         6.216
   767         6.211
   768         6.206
   769         6.201
   770         6.196
   771         6.191
   772         6.186
   773         6.180
   774         6.176
   775         6.171
   776         6.166
   777         6.161
   778         6.156
   779         6.151
   780         6.146
   781         6.141
   782         6.136
   783         6.131
   784         6.126
   785         6.121
   786         6.116
   787         6.111
   788         6.106
   789         6.102
   790         6.097
   791         6.092
   792         6.087
   793         6.082
   794         6.077
   795         6.073
   796         6.068
   797         6.063
   798         6.058
   799         6.053
   800         6.049
   801         6.044
   802         6.039
   803         6.034
   804         6.030
   805         6.025
   806         6.020
   807         6.016
   808         6.011
   809         6.006
   810         6.002
   811         5.997
   812         5.992
   813         5.988
   814         5.983
   815         5.978
   816         5.974
   817         5.969
   818         5.965
   819         5.960
   820         5.955
   821         5.951
   822         5.946
   823         5.942
   824         5.937
   825         5.933
   826         5.928
   827         5.924
   828         5.919
   829         5.915
   830         5.910
   831         5.906
   832         5.901
   833         5.897
   834         5.892
   835         5.888
   836         5.883
   837         5.879
   838         5.874
   839         5.870
   840         5.866
   841         5.861
   842         5.857
   843         5.852
   844         5.848
   845         5.844
   846         5.839
   847         5.835
   848         5.831
   849         5.826
   850         5.822
   851         5.818
   852         5.813
   853         5.809
   854         5.805
   855         5.800
   856         5.796
   857         5.792
   858         5.788
   859         5.783
   860         5.779
   861         5.775
   862         5.771
   863         5.766
   864         5.762
   865         5.758
   866         5.754
   867         5.750
   868         5.746
   869         5.741
   870         5.737
   871         5.733
   872         5.729
   873         5.725
   874         5.720
   875         5.716
   876         5.712
   877         5.708
   878         5.704
   879         5.700
   880         5.696
   881         5.692
   882         5.688
   883         5.684
   884         5.680
   885         5.676
   886         5.671
   887         5.667
   888         5.663
   889         5.659
   890         5.655
   891         5.651
   892         5.647
   893         5.643
   894         5.639
   895         5.635
   896         5.631
   897         5.627
   898         5.623
   899         5.620
   900         5.616
   901         5.612
   902         5.608
   903         5.604
   904         5.600
   905         5.596
   906         5.592
   907         5.588
   908         5.584
   909         5.580
   910         5.576
   911         5.573
   912         5.569
   913         5.565
   914         5.561
   915         5.557
   916         5.553
   917         5.550
   918         5.546
   919         5.542
   920         5.538
   921         5.534
   922         5.530
   923         5.527
   924         5.523
   925         5.519
   926         5.515
   927         5.512
   928         5.508
   929         5.504
   930         5.500
   931         5.497
   932         5.493
   933         5.489
   934         5.485
   935         5.482
   936         5.478
   937         5.474
   938         5.471
   939         5.467
   940         5.463
   941         5.460
   942         5.456
   943         5.452
   944         5.449
   945         5.445
   946         5.441
   947         5.438
   948         5.434
   949         5.430
   950         5.427
   951         5.423
   952         5.420
   953         5.416
   954         5.412
   955         5.409
   956         5.405
   957         5.402
   958         5.398
   959         5.394
   960         5.391
   961         5.387
   962         5.384
   963         5.380
   964         5.377
   965         5.373
   966         5.370
   967         5.366
   968         5.363
   969         5.359
   970         5.356
   971         5.352
   972         5.349
   973         5.345
   974         5.342
   975         5.338
   976         5.335
   977         5.331
   978         5.328
   979         5.324
   980         5.321
   981         5.318
   982         5.314
   983         5.311
   984         5.307
   985         5.304
   986         5.300
   987         5.297
   988         5.294
   989         5.290
   990         5.287
   991         5.283
   992         5.280
   993         5.277
   994         5.273
   995         5.270
   996         5.267
   997         5.263
   998         5.260
   999         5.257
  1000         5.253
  1001         5.250
  1002         5.247
  1003         5.243
  1004         5.240
  1005         5.237
  1006         5.234
  1007         5.230
  1008         5.227
  1009         5.224
  1010         5.220
  1011         5.217
  1012         5.214
  1013         5.211
  1014         5.207
  1015         5.204
  1016         5.201
  1017         5.198
  1018         5.194
  1019         5.191
  1020         5.188
  1021         5.185
  1022         5.182
  1023         5.178
  1024         5.175
  1025         5.172
  1026         5.169
  1027         5.166
  1028         5.162
  1029         5.159
  1030         5.156
  1031         5.153
  1032         5.150
  1033         5.147
  1034         5.143
  1035         5.140
  1036         5.137
  1037         5.134
  1038         5.131
  1039         5.128
  1040         5.125
  1041         5.121
  1042         5.118
  1043         5.115
  1044         5.112
  1045         5.109
  1046         5.106
  1047         5.103
  1048         5.100
  1049         5.097
  1050         5.094
  1051         5.091
  1052         5.087
  1053         5.084
  1054         5.081
  1055         5.078
  1056         5.075
  1057         5.072
  1058         5.069
  1059         5.066
  1060         5.063
  1061         5.060
  1062         5.057
  1063         5.054
  1064         5.051
  1065         5.048
  1066         5.045
  1067         5.042
  1068         5.039
  1069         5.036
  1070         5.033
  1071         5.030
  1072         5.027
  1073         5.024
  1074         5.021
  1075         5.018
  1076         5.015
  1077         5.012
  1078         5.010
  1079         5.007
  1080         5.004
  1081         5.001
  1082         4.998
  1083         4.995
  1084         4.992
  1085         4.989
  1086         4.986
  1087         4.983
  1088         4.980
  1089         4.977
  1090         4.975
  1091         4.972
  1092         4.969
  1093         4.966
  1094         4.963
  1095         4.960
  1096         4.957
  1097         4.954
  1098         4.952
  1099         4.949
  1100         4.946
  1101         4.943
  1102         4.940
  1103         4.937
  1104         4.935
  1105         4.932
  1106         4.929
  1107         4.926
  1108         4.923
  1109         4.920
  1110         4.918
  1111         4.915
  1112         4.912
  1113         4.909
  1114         4.907
  1115         4.904
  1116         4.901
  1117         4.898
  1118         4.895
  1119         4.893
  1120         4.890
  1121         4.887
  1122         4.884
  1123         4.882
  1124         4.879
  1125         4.876
  1126         4.873
  1127         4.871
  1128         4.868
  1129         4.865
  1130         4.862
  1131         4.860
  1132         4.857
  1133         4.854
  1134         4.852
  1135         4.849
  1136         4.846
  1137         4.844
  1138         4.841
  1139         4.838
  1140         4.836
  1141         4.833
  1142         4.830
  1143         4.827
  1144         4.825
  1145         4.822
  1146         4.820
  1147         4.817
  1148         4.814
  1149         4.812
  1150         4.809
  1151         4.806
  1152         4.804
  1153         4.801
  1154         4.798
  1155         4.796
  1156         4.793
  1157         4.791
  1158         4.788
  1159         4.785
  1160         4.783
  1161         4.780
  1162         4.778
  1163         4.775
  1164         4.772
  1165         4.770
  1166         4.767
  1167         4.765
  1168         4.762
  1169         4.759
  1170         4.757
  1171         4.754
  1172         4.752
  1173         4.749
  1174         4.747
  1175         4.744
  1176         4.742
  1177         4.739
  1178         4.736
  1179         4.734
  1180         4.731
  1181         4.729
  1182         4.726
  1183         4.724
  1184         4.721
  1185         4.719
  1186         4.716
  1187         4.714
  1188         4.711
  1189         4.709
  1190         4.706
  1191         4.704
  1192         4.701
  1193         4.699
  1194         4.696
  1195         4.694
  1196         4.691
  1197         4.689
  1198         4.686
  1199         4.684
  1200         4.682
  1201         4.679
  1202         4.677
  1203         4.674
  1204         4.672
  1205         4.669
  1206         4.667
  1207         4.664
  1208         4.662
  1209         4.660
  1210         4.657
  1211         4.655
  1212         4.652
  1213         4.650
  1214         4.647
  1215         4.645
  1216         4.643
  1217         4.640
  1218         4.638
  1219         4.635
  1220         4.633
  1221         4.631
  1222         4.628
  1223         4.626
  1224         4.624
  1225         4.621
  1226         4.619
  1227         4.616
  1228         4.614
  1229         4.612
  1230         4.609
  1231         4.607
  1232         4.605
  1233         4.602
  1234         4.600
  1235         4.597
  1236         4.595
  1237         4.593
  1238         4.590
  1239         4.588
  1240         4.586
  1241         4.584
  1242         4.581
  1243         4.579
  1244         4.577
  1245         4.574
  1246         4.572
  1247         4.570
  1248         4.567
  1249         4.565
  1250         4.563
  1251         4.560
  1252         4.558
  1253         4.556
  1254         4.554
  1255         4.551
  1256         4.549
  1257         4.547
  1258         4.544
  1259         4.542
  1260         4.540
  1261         4.538
  1262         4.535
  1263         4.533
  1264         4.531
  1265         4.529
  1266         4.526
  1267         4.524
  1268         4.522
  1269         4.520
  1270         4.517
  1271         4.515
  1272         4.513
  1273         4.511
  1274         4.509
  1275         4.506
  1276         4.504
  1277         4.502
  1278         4.500
  1279         4.497
  1280         4.495
  1281         4.493
  1282         4.491
  1283         4.489
  1284         4.486
  1285         4.484
  1286         4.482
  1287         4.480
  1288         4.478
  1289         4.475
  1290         4.473
  1291         4.471
  1292         4.469
  1293         4.467
  1294         4.465
  1295         4.462
  1296         4.460
  1297         4.458
  1298         4.456
  1299         4.454
  1300         4.452
  1301         4.450
  1302         4.447
  1303         4.445
  1304         4.443
  1305         4.441
  1306         4.439
  1307         4.437
  1308         4.435
  1309         4.432
  1310         4.430
  1311         4.428
  1312         4.426
  1313         4.424
  1314         4.422
  1315         4.420
  1316         4.418
  1317         4.416
  1318         4.413
  1319         4.411
  1320         4.409
  1321         4.407
  1322         4.405
  1323         4.403
  1324         4.401
  1325         4.399
  1326         4.397
  1327         4.395
  1328         4.393
  1329         4.390
  1330         4.388
  1331         4.386
  1332         4.384
  1333         4.382
  1334         4.380
  1335         4.378
  1336         4.376
  1337         4.374
  1338         4.372
  1339         4.370
  1340         4.368
  1341         4.366
  1342         4.364
  1343         4.362
  1344         4.360
  1345         4.358
  1346         4.356
  1347         4.354
  1348         4.352
  1349         4.350
  1350         4.348
  1351         4.346
  1352         4.344
  1353         4.342
  1354         4.339
  1355         4.338
  1356         4.336
  1357         4.333
  1358         4.332
  1359         4.330
  1360         4.327
  1361         4.326
  1362         4.324
  1363         4.322
  1364         4.320
  1365         4.318
  1366         4.316
  1367         4.314
  1368         4.312
  1369         4.310
  1370         4.308
  1371         4.306
  1372         4.304
  1373         4.302
  1374         4.300
  1375         4.298
  1376         4.296
  1377         4.294
  1378         4.292
  1379         4.290
  1380         4.288
  1381         4.286
  1382         4.284
  1383         4.282
  1384         4.280
  1385         4.279
  1386         4.277
  1387         4.275
  1388         4.273
  1389         4.271
  1390         4.269
  1391         4.267
  1392         4.265
  1393         4.263
  1394         4.261
  1395         4.259
  1396         4.257
  1397         4.256
  1398         4.254
  1399         4.252
  1400         4.250
  1401         4.248
  1402         4.246
  1403         4.244
  1404         4.242
  1405         4.240
  1406         4.239
  1407         4.237
  1408         4.235
  1409         4.233
  1410         4.231
  1411         4.229
  1412         4.227
  1413         4.225
  1414         4.223
  1415         4.222
  1416         4.220
  1417         4.218
  1418         4.216
  1419         4.214
  1420         4.212
  1421         4.211
  1422         4.209
  1423         4.207
  1424         4.205
  1425         4.203
  1426         4.201
  1427         4.199
  1428         4.198
  1429         4.196
  1430         4.194
  1431         4.192
  1432         4.190
  1433         4.188
  1434         4.187
  1435         4.185
  1436         4.183
  1437         4.181
  1438         4.179
  1439         4.178
  1440         4.176
  1441         4.174
  1442         4.172
  1443         4.170
  1444         4.169
  1445         4.167
  1446         4.165
  1447         4.163
  1448         4.161
  1449         4.160
  1450         4.158
  1451         4.156
  1452         4.154
  1453         4.153
  1454         4.151
  1455         4.149
  1456         4.147
  1457         4.145
  1458         4.144
  1459         4.142
  1460         4.140
  1461         4.138
  1462         4.137
  1463         4.135
  1464         4.133
  1465         4.131
  1466         4.130
  1467         4.128
  1468         4.126
  1469         4.124
  1470         4.123
  1471         4.121
  1472         4.119
  1473         4.117
  1474         4.116
  1475         4.114
  1476         4.112
  1477         4.110
  1478         4.109
  1479         4.107
  1480         4.105
  1481         4.103
  1482         4.102
  1483         4.100
  1484         4.098
  1485         4.097
  1486         4.095
  1487         4.093
  1488         4.091
  1489         4.090
  1490         4.088
  1491         4.086
  1492         4.085
  1493         4.083
  1494         4.081
  1495         4.080
  1496         4.078
  1497         4.076
  1498         4.074
  1499         4.073
  1500         4.071
  1501         4.069
  1502         4.068
  1503         4.066
  1504         4.064
  1505         4.063
  1506         4.061
  1507         4.059
  1508         4.058
  1509         4.056
  1510         4.054
  1511         4.053
  1512         4.051
  1513         4.049
  1514         4.048
  1515         4.046
  1516         4.044
  1517         4.043
  1518         4.041
  1519         4.039
  1520         4.038
  1521         4.036
  1522         4.034
  1523         4.033
  1524         4.031
  1525         4.029
  1526         4.028
  1527         4.026
  1528         4.025
  1529         4.023
  1530         4.021
  1531         4.020
  1532         4.018
  1533         4.016
  1534         4.015
  1535         4.013
  1536         4.012
  1537         4.010
  1538         4.008
  1539         4.007
  1540         4.005
  1541         4.004
  1542         4.002
  1543         4.000
  1544         3.999
  1545         3.997
  1546         3.996
  1547         3.994
  1548         3.992
  1549         3.991
  1550         3.989
  1551         3.988
  1552         3.986
  1553         3.984
  1554         3.983
  1555         3.981
  1556         3.980
  1557         3.978
  1558         3.976
  1559         3.975
  1560         3.973
  1561         3.972
  1562         3.970
  1563         3.969
  1564         3.967
  1565         3.965
  1566         3.964
  1567         3.962
  1568         3.961
  1569         3.959
  1570         3.958
  1571         3.956
  1572         3.954
  1573         3.953
  1574         3.951
  1575         3.950
  1576         3.948
  1577         3.947
  1578         3.945
  1579         3.944
  1580         3.942
  1581         3.941
  1582         3.939
  1583         3.937
  1584         3.936
  1585         3.934
  1586         3.933
  1587         3.931
  1588         3.930
  1589         3.928
  1590         3.927
  1591         3.925
  1592         3.924
  1593         3.922
  1594         3.921
  1595         3.919
  1596         3.918
  1597         3.916
  1598         3.915
  1599         3.913
  1600         3.912
  1601         3.910
  1602         3.909
  1603         3.907
  1604         3.906
  1605         3.904
  1606         3.903
  1607         3.901
  1608         3.900
  1609         3.898
  1610         3.897
  1611         3.895
  1612         3.894
  1613         3.892
  1614         3.891
  1615         3.889
  1616         3.888
  1617         3.886
  1618         3.885
  1619         3.883
  1620         3.882
  1621         3.880
  1622         3.879
  1623         3.877
  1624         3.876
  1625         3.874
  1626         3.873
  1627         3.871
  1628         3.870
  1629         3.868
  1630         3.867
  1631         3.866
  1632         3.864
  1633         3.863
  1634         3.861
  1635         3.860
  1636         3.858
  1637         3.857
  1638         3.855
  1639         3.854
  1640         3.853
  1641         3.851
  1642         3.850
  1643         3.848
  1644         3.847
  1645         3.845
  1646         3.844
  1647         3.842
  1648         3.841
  1649         3.839
  1650         3.838
  1651         3.837
  1652         3.835
  1653         3.834
  1654         3.832
  1655         3.831
  1656         3.830
  1657         3.828
  1658         3.827
  1659         3.825
  1660         3.824
  1661         3.823
  1662         3.821
  1663         3.820
  1664         3.818
  1665         3.817
  1666         3.815
  1667         3.814
  1668         3.813
  1669         3.811
  1670         3.810
  1671         3.808
  1672         3.807
  1673         3.806
  1674         3.804
  1675         3.803
  1676         3.801
  1677         3.800
  1678         3.799
  1679         3.797
  1680         3.796
  1681         3.794
  1682         3.793
  1683         3.792
  1684         3.790
  1685         3.789
  1686         3.787
  1687         3.786
  1688         3.785
  1689         3.783
  1690         3.782
  1691         3.781
  1692         3.779
  1693         3.778
  1694         3.777
  1695         3.775
  1696         3.774
  1697         3.772
  1698         3.771
  1699         3.770
  1700         3.768
  1701         3.767
  1702         3.766
  1703         3.764
  1704         3.763
  1705         3.762
  1706         3.760
  1707         3.759
  1708         3.757
  1709         3.756
  1710         3.755
  1711         3.754
  1712         3.752
  1713         3.751
  1714         3.749
  1715         3.748
  1716         3.747
  1717         3.745
  1718         3.744
  1719         3.743
  1720         3.741
  1721         3.740
  1722         3.739
  1723         3.737
  1724         3.736
  1725         3.735
  1726         3.733
  1727         3.732
  1728         3.731
  1729         3.729
  1730         3.728
  1731         3.727
  1732         3.726
  1733         3.724
  1734         3.723
  1735         3.722
  1736         3.720
  1737         3.719
  1738         3.718
  1739         3.716
  1740         3.715
  1741         3.714
  1742         3.712
  1743         3.711
  1744         3.710
  1745         3.709
  1746         3.707
  1747         3.706
  1748         3.705
  1749         3.703
  1750         3.702
  1751         3.701
  1752         3.699
  1753         3.698
  1754         3.697
  1755         3.695
  1756         3.694
  1757         3.693
  1758         3.692
  1759         3.690
  1760         3.689
  1761         3.688
  1762         3.687
  1763         3.685
  1764         3.684
  1765         3.683
  1766         3.681
  1767         3.680
  1768         3.679
  1769         3.678
  1770         3.676
  1771         3.675
  1772         3.674
  1773         3.672
  1774         3.671
  1775         3.670
  1776         3.669
  1777         3.668
  1778         3.666
  1779         3.665
  1780         3.664
  1781         3.662
  1782         3.661
  1783         3.660
  1784         3.659
  1785         3.657
  1786         3.656
  1787         3.655
  1788         3.654
  1789         3.652
  1790         3.651
  1791         3.650
  1792         3.649
  1793         3.647
  1794         3.646
  1795         3.645
  1796         3.644
  1797         3.642
  1798         3.641
  1799         3.640
  1800         3.639
  1801         3.638
  1802         3.636
  1803         3.635
  1804         3.634
  1805         3.633
  1806         3.631
  1807         3.630
  1808         3.629
  1809         3.628
  1810         3.626
  1811         3.625
  1812         3.624
  1813         3.623
  1814         3.622
  1815         3.620
  1816         3.619
  1817         3.618
  1818         3.617
  1819         3.616
  1820         3.614
  1821         3.613
  1822         3.612
  1823         3.611
  1824         3.609
  1825         3.608
  1826         3.607
  1827         3.606
  1828         3.605
  1829         3.603
  1830         3.602
  1831         3.601
  1832         3.600
  1833         3.599
  1834         3.598
  1835         3.596
  1836         3.595
  1837         3.594
  1838         3.593
  1839         3.592
  1840         3.590
  1841         3.589
  1842         3.588
  1843         3.587
  1844         3.586
  1845         3.584
  1846         3.583
  1847         3.582
  1848         3.581
  1849         3.580
  1850         3.579
  1851         3.577
  1852         3.576
  1853         3.575
  1854         3.574
  1855         3.573
  1856         3.572
  1857         3.570
  1858         3.569
  1859         3.568
  1860         3.567
  1861         3.566
  1862         3.565
  1863         3.563
  1864         3.562
  1865         3.561
  1866         3.560
  1867         3.559
  1868         3.558
  1869         3.556
  1870         3.555
  1871         3.554
  1872         3.553
  1873         3.552
  1874         3.551
  1875         3.549
  1876         3.548
  1877         3.547
  1878         3.546
  1879         3.545
  1880         3.544
  1881         3.543
  1882         3.542
  1883         3.540
  1884         3.539
  1885         3.538
  1886         3.537
  1887         3.536
  1888         3.535
  1889         3.533
  1890         3.532
  1891         3.531
  1892         3.530
  1893         3.529
  1894         3.528
  1895         3.527
  1896         3.526
  1897         3.524
  1898         3.523
  1899         3.522
  1900         3.521
  1901         3.520
  1902         3.519
  1903         3.518
  1904         3.517
  1905         3.515
  1906         3.514
  1907         3.513
  1908         3.512
  1909         3.511
  1910         3.510
  1911         3.509
  1912         3.508
  1913         3.507
  1914         3.505
  1915         3.504
  1916         3.503
  1917         3.502
  1918         3.501
  1919         3.500
  1920         3.499
  1921         3.498
  1922         3.497
  1923         3.496
  1924         3.494
  1925         3.493
  1926         3.492
  1927         3.491
  1928         3.490
  1929         3.489
  1930         3.488
  1931         3.487
  1932         3.486
  1933         3.485
  1934         3.483
  1935         3.482
  1936         3.481
  1937         3.480
  1938         3.479
  1939         3.478
  1940         3.477
  1941         3.476
  1942         3.475
  1943         3.474
  1944         3.473
  1945         3.471
  1946         3.470
  1947         3.469
  1948         3.468
  1949         3.467
  1950         3.466
  1951         3.465
  1952         3.464
  1953         3.463
  1954         3.462
  1955         3.461
  1956         3.460
  1957         3.459
  1958         3.458
  1959         3.456
  1960         3.455
  1961         3.454
  1962         3.453
  1963         3.452
  1964         3.451
  1965         3.450
  1966         3.449
  1967         3.448
  1968         3.447
  1969         3.446
  1970         3.445
  1971         3.444
  1972         3.443
  1973         3.442
  1974         3.441
  1975         3.440
  1976         3.439
  1977         3.437
  1978         3.436
  1979         3.435
  1980         3.434
  1981         3.433
  1982         3.432
  1983         3.431
  1984         3.430
  1985         3.429
  1986         3.428
  1987         3.427
  1988         3.426
  1989         3.425
  1990         3.424
  1991         3.423
  1992         3.422
  1993         3.421
  1994         3.420
  1995         3.419
  1996         3.418
  1997         3.417
  1998         3.416
  1999         3.415
  2000         3.413
  2001         3.412
  2002         3.411
  2003         3.410
  2004         3.409
  2005         3.408
  2006         3.407
  2007         3.406
  2008         3.405
  2009         3.404
  2010         3.403
  2011         3.402
  2012         3.401
  2013         3.400
  2014         3.399
  2015         3.398
  2016         3.397
  2017         3.396
  2018         3.395
  2019         3.394
  2020         3.393
  2021         3.392
  2022         3.391
  2023         3.390
  2024         3.389
  2025         3.388
  2026         3.387
  2027         3.386
  2028         3.385
  2029         3.384
  2030         3.383
  2031         3.382
  2032         3.381
  2033         3.380
  2034         3.379
  2035         3.378
  2036         3.377
  2037         3.376
  2038         3.375
  2039         3.374
  2040         3.373
  2041         3.372
  2042         3.371
  2043         3.370
  2044         3.369
  2045         3.368
  2046         3.367
  2047         3.366
  2048         3.365
  2049         3.364
  2050         3.363
  2051         3.362
  2052         3.361
  2053         3.360
  2054         3.359
  2055         3.358
  2056         3.357
  2057         3.356
  2058         3.355
  2059         3.354
  2060         3.353
  2061         3.352
  2062         3.351
  2063         3.350
  2064         3.349
  2065         3.348
  2066         3.347
  2067         3.346
  2068         3.346
  2069         3.344
  2070         3.344
  2071         3.343
  2072         3.342
  2073         3.341
  2074         3.340
  2075         3.339
  2076         3.338
  2077         3.337
  2078         3.336
  2079         3.335
  2080         3.334
  2081         3.333
  2082         3.332
  2083         3.331
  2084         3.330
  2085         3.329
  2086         3.328
  2087         3.327
  2088         3.326
  2089         3.325
  2090         3.324
  2091         3.323
  2092         3.322
  2093         3.321
  2094         3.320
  2095         3.320
  2096         3.319
  2097         3.318
  2098         3.317
  2099         3.316
  2100         3.315
  2101         3.314
  2102         3.313
  2103         3.312
  2104         3.311
  2105         3.310
  2106         3.309
  2107         3.308
  2108         3.307
  2109         3.306
  2110         3.305
  2111         3.304
  2112         3.303
  2113         3.303
  2114         3.302
  2115         3.301
  2116         3.300
  2117         3.299
  2118         3.298
  2119         3.297
  2120         3.296
  2121         3.295
  2122         3.294
  2123         3.293
  2124         3.292
  2125         3.291
  2126         3.290
  2127         3.290
  2128         3.289
  2129         3.288
  2130         3.287
  2131         3.286
  2132         3.285
  2133         3.284
  2134         3.283
  2135         3.282
  2136         3.281
  2137         3.280
  2138         3.279
  2139         3.278
  2140         3.278
  2141         3.277
  2142         3.276
  2143         3.275
  2144         3.274
  2145         3.273
  2146         3.272
  2147         3.271
  2148         3.270
  2149         3.269
  2150         3.268
  2151         3.267
  2152         3.267
  2153         3.266
  2154         3.265
  2155         3.264
  2156         3.263
  2157         3.262
  2158         3.261
  2159         3.260
  2160         3.259
  2161         3.258
  2162         3.258
  2163         3.257
  2164         3.256
  2165         3.255
  2166         3.254
  2167         3.253
  2168         3.252
  2169         3.251
  2170         3.250
  2171         3.249
  2172         3.249
  2173         3.248
  2174         3.247
  2175         3.246
  2176         3.245
  2177         3.244
  2178         3.243
  2179         3.242
  2180         3.241
  2181         3.241
  2182         3.240
  2183         3.239
  2184         3.238
  2185         3.237
  2186         3.236
  2187         3.235
  2188         3.234
  2189         3.233
  2190         3.233
  2191         3.232
  2192         3.231
  2193         3.230
  2194         3.229
  2195         3.228
  2196         3.227
  2197         3.226
  2198         3.226
  2199         3.225
  2200         3.224
  2201         3.223
  2202         3.222
  2203         3.221
  2204         3.220
  2205         3.219
  2206         3.219
  2207         3.218
  2208         3.217
  2209         3.216
  2210         3.215
  2211         3.214
  2212         3.213
  2213         3.212
  2214         3.212
  2215         3.211
  2216         3.210
  2217         3.209
  2218         3.208
  2219         3.207
  2220         3.206
  2221         3.206
  2222         3.205
  2223         3.204
  2224         3.203
  2225         3.202
  2226         3.201
  2227         3.200
  2228         3.200
  2229         3.199
  2230         3.198
  2231         3.197
  2232         3.196
  2233         3.195
  2234         3.194
  2235         3.194
  2236         3.193
  2237         3.192
  2238         3.191
  2239         3.190
  2240         3.189
  2241         3.188
  2242         3.188
  2243         3.187
  2244         3.186
  2245         3.185
  2246         3.184
  2247         3.183
  2248         3.183
  2249         3.182
  2250         3.181
  2251         3.180
  2252         3.179
  2253         3.178
  2254         3.178
  2255         3.177
  2256         3.176
  2257         3.175
  2258         3.174
  2259         3.173
  2260         3.173
  2261         3.172
  2262         3.171
  2263         3.170
  2264         3.169
  2265         3.168
  2266         3.168
  2267         3.167
  2268         3.166
  2269         3.165
  2270         3.164
  2271         3.163
  2272         3.163
  2273         3.162
  2274         3.161
  2275         3.160
  2276         3.159
  2277         3.158
  2278         3.158
  2279         3.157
  2280         3.156
  2281         3.155
  2282         3.154
  2283         3.153
  2284         3.153
  2285         3.152
  2286         3.151
  2287         3.150
  2288         3.149
  2289         3.149
  2290         3.148
  2291         3.147
  2292         3.146
  2293         3.145
  2294         3.145
  2295         3.144
  2296         3.143
  2297         3.142
  2298         3.141
  2299         3.140
  2300         3.140
  2301         3.139
  2302         3.138
  2303         3.137
  2304         3.136
  2305         3.136
  2306         3.135
  2307         3.134
  2308         3.133
  2309         3.132
  2310         3.132
  2311         3.131
  2312         3.130
  2313         3.129
  2314         3.128
  2315         3.128
  2316         3.127
  2317         3.126
  2318         3.125
  2319         3.124
  2320         3.124
  2321         3.123
  2322         3.122
  2323         3.121
  2324         3.120
  2325         3.120
  2326         3.119
  2327         3.118
  2328         3.117
  2329         3.116
  2330         3.116
  2331         3.115
  2332         3.114
  2333         3.113
  2334         3.112
  2335         3.112
  2336         3.111
  2337         3.110
  2338         3.109
  2339         3.108
  2340         3.108
  2341         3.107
  2342         3.106
  2343         3.105
  2344         3.105
  2345         3.104
  2346         3.103
  2347         3.102
  2348         3.101
  2349         3.101
  2350         3.100
  2351         3.099
  2352         3.098
  2353         3.097
  2354         3.097
  2355         3.096
  2356         3.095
  2357         3.094
  2358         3.094
  2359         3.093
  2360         3.092
  2361         3.091
  2362         3.090
  2363         3.090
  2364         3.089
  2365         3.088
  2366         3.087
  2367         3.087
  2368         3.086
  2369         3.085
  2370         3.084
  2371         3.084
  2372         3.083
  2373         3.082
  2374         3.081
  2375         3.081
  2376         3.080
  2377         3.079
  2378         3.078
  2379         3.077
  2380         3.077
  2381         3.076
  2382         3.075
  2383         3.074
  2384         3.074
  2385         3.073
  2386         3.072
  2387         3.071
  2388         3.071
  2389         3.070
  2390         3.069
  2391         3.068
  2392         3.068
  2393         3.067
  2394         3.066
  2395         3.065
  2396         3.065
  2397         3.064
  2398         3.063
  2399         3.062
  2400         3.061
  2401         3.061
  2402         3.060
  2403         3.059
  2404         3.059
  2405         3.058
  2406         3.057
  2407         3.056
  2408         3.055
  2409         3.055
  2410         3.054
  2411         3.053
  2412         3.053
  2413         3.052
  2414         3.051
  2415         3.050
  2416         3.049
  2417         3.049
  2418         3.048
  2419         3.047
  2420         3.047
  2421         3.046
  2422         3.045
  2423         3.044
  2424         3.044
  2425         3.043
  2426         3.042
  2427         3.041
  2428         3.041
  2429         3.040
  2430         3.039
  2431         3.038
  2432         3.038
  2433         3.037
  2434         3.036
  2435         3.035
  2436         3.035
  2437         3.034
  2438         3.033
  2439         3.032
  2440         3.032
  2441         3.031
  2442         3.030
  2443         3.030
  2444         3.029
  2445         3.028
  2446         3.027
  2447         3.027
  2448         3.026
  2449         3.025
  2450         3.024
  2451         3.024
  2452         3.023
  2453         3.022
  2454         3.022
  2455         3.021
  2456         3.020
  2457         3.019
  2458         3.019
  2459         3.018
  2460         3.017
  2461         3.016
  2462         3.016
  2463         3.015
  2464         3.014
  2465         3.014
  2466         3.013
  2467         3.012
  2468         3.012
  2469         3.011
  2470         3.010
  2471         3.009
  2472         3.009
  2473         3.008
  2474         3.007
  2475         3.006
  2476         3.006
  2477         3.005
  2478         3.004
  2479         3.004
  2480         3.003
  2481         3.002
  2482         3.001
  2483         3.001
  2484         3.000
  2485         2.999
  2486         2.999
  2487         2.998
  2488         2.997
  2489         2.996
  2490         2.996
  2491         2.995
  2492         2.994
  2493         2.994
  2494         2.993
  2495         2.992
  2496         2.992
  2497         2.991
  2498         2.990
  2499         2.989
  2500         2.989
  2501         2.988
  2502         2.987
  2503         2.987
  2504         2.986
  2505         2.985
  2506         2.985
  2507         2.984
  2508         2.983
  2509         2.982
  2510         2.982
  2511         2.981
  2512         2.980
  2513         2.980
  2514         2.979
  2515         2.978
  2516         2.978
  2517         2.977
  2518         2.976
  2519         2.975
  2520         2.975
  2521         2.974
  2522         2.973
  2523         2.973
  2524         2.972
  2525         2.971
  2526         2.971
  2527         2.970
  2528         2.969
  2529         2.969
  2530         2.968
  2531         2.967
  2532         2.966
  2533         2.966
  2534         2.965
  2535         2.964
  2536         2.964
  2537         2.963
  2538         2.962
  2539         2.962
  2540         2.961
  2541         2.960
  2542         2.960
  2543         2.959
  2544         2.958
  2545         2.958
  2546         2.957
  2547         2.956
  2548         2.956
  2549         2.955
  2550         2.954
  2551         2.953
  2552         2.953
  2553         2.952
  2554         2.951
  2555         2.951
  2556         2.950
  2557         2.949
  2558         2.949
  2559         2.948
  2560         2.947
  2561         2.947
  2562         2.946
  2563         2.945
  2564         2.945
  2565         2.944
  2566         2.943
  2567         2.943
  2568         2.942
  2569         2.941
  2570         2.941
  2571         2.940
  2572         2.939
  2573         2.939
  2574         2.938
  2575         2.937
  2576         2.937
  2577         2.936
  2578         2.935
  2579         2.935
  2580         2.934
  2581         2.933
  2582         2.933
  2583         2.932
  2584         2.931
  2585         2.931
  2586         2.930
  2587         2.929
  2588         2.929
  2589         2.928
  2590         2.927
  2591         2.927
  2592         2.926
  2593         2.925
  2594         2.925
  2595         2.924
  2596         2.923
  2597         2.923
  2598         2.922
  2599         2.921
  2600         2.921
  2601         2.920
  2602         2.919
  2603         2.919
  2604         2.918
  2605         2.917
  2606         2.917
  2607         2.916
  2608         2.915
  2609         2.915
  2610         2.914
  2611         2.913
  2612         2.913
  2613         2.912
  2614         2.912
  2615         2.911
  2616         2.910
  2617         2.910
  2618         2.909
  2619         2.908
  2620         2.908
  2621         2.907
  2622         2.906
  2623         2.906
  2624         2.905
  2625         2.904
  2626         2.904
  2627         2.903
  2628         2.902
  2629         2.902
  2630         2.901
  2631         2.900
  2632         2.900
  2633         2.899
  2634         2.899
  2635         2.898
  2636         2.897
  2637         2.897
  2638         2.896
  2639         2.895
  2640         2.895
  2641         2.894
  2642         2.893
  2643         2.893
  2644         2.892
  2645         2.892
  2646         2.891
  2647         2.890
  2648         2.890
  2649         2.889
  2650         2.888
  2651         2.888
  2652         2.887
  2653         2.886
  2654         2.886
  2655         2.885
  2656         2.884
  2657         2.884
  2658         2.883
  2659         2.883
  2660         2.882
  2661         2.881
  2662         2.881
  2663         2.880
  2664         2.880
  2665         2.879
  2666         2.878
  2667         2.878
  2668         2.877
  2669         2.876
  2670         2.876
  2671         2.875
  2672         2.874
  2673         2.874
  2674         2.873
  2675         2.872
  2676         2.872
  2677         2.871
  2678         2.871
  2679         2.870
  2680         2.869
  2681         2.869
  2682         2.868
  2683         2.867
  2684         2.867
  2685         2.866
  2686         2.866
  2687         2.865
  2688         2.864
  2689         2.864
  2690         2.863
  2691         2.863
  2692         2.862
  2693         2.861
  2694         2.861
  2695         2.860
  2696         2.859
  2697         2.859
  2698         2.858
  2699         2.858
  2700         2.857
  2701         2.856
  2702         2.856
  2703         2.855
  2704         2.854
  2705         2.854
  2706         2.853
  2707         2.853
  2708         2.852
  2709         2.851
  2710         2.851
  2711         2.850
  2712         2.850
  2713         2.849
  2714         2.848
  2715         2.848
  2716         2.847
  2717         2.847
  2718         2.846
  2719         2.845
  2720         2.845
  2721         2.844
  2722         2.843
  2723         2.843
  2724         2.842
  2725         2.842
  2726         2.841
  2727         2.840
  2728         2.840
  2729         2.839
  2730         2.839
  2731         2.838
  2732         2.837
  2733         2.837
  2734         2.836
  2735         2.836
  2736         2.835
  2737         2.834
  2738         2.834
  2739         2.833
  2740         2.833
  2741         2.832
  2742         2.831
  2743         2.831
  2744         2.830
  2745         2.830
  2746         2.829
  2747         2.828
  2748         2.828
  2749         2.827
  2750         2.827
  2751         2.826
  2752         2.825
  2753         2.825
  2754         2.824
  2755         2.824
  2756         2.823
  2757         2.822
  2758         2.822
  2759         2.821
  2760         2.821
  2761         2.820
  2762         2.819
  2763         2.819
  2764         2.818
  2765         2.818
  2766         2.817
  2767         2.817
  2768         2.816
  2769         2.815
  2770         2.815
  2771         2.814
  2772         2.814
  2773         2.813
  2774         2.812
  2775         2.812
  2776         2.811
  2777         2.811
  2778         2.810
  2779         2.809
  2780         2.809
  2781         2.808
  2782         2.808
  2783         2.807
  2784         2.806
  2785         2.806
  2786         2.805
  2787         2.805
  2788         2.804
  2789         2.804
  2790         2.803
  2791         2.802
  2792         2.802
  2793         2.801
  2794         2.801
  2795         2.800
  2796         2.800
  2797         2.799
  2798         2.798
  2799         2.798
  2800         2.797
  2801         2.797
  2802         2.796
  2803         2.795
  2804         2.795
  2805         2.794
  2806         2.794
  2807         2.793
  2808         2.792
  2809         2.792
  2810         2.791
  2811         2.791
  2812         2.790
  2813         2.790
  2814         2.789
  2815         2.789
  2816         2.788
  2817         2.787
  2818         2.787
  2819         2.786
  2820         2.786
  2821         2.785
  2822         2.784
  2823         2.784
  2824         2.783
  2825         2.783
  2826         2.782
  2827         2.782
  2828         2.781
  2829         2.780
  2830         2.780
  2831         2.779
  2832         2.779
  2833         2.778
  2834         2.778
  2835         2.777
  2836         2.777
  2837         2.776
  2838         2.775
  2839         2.775
  2840         2.774
  2841         2.774
  2842         2.773
  2843         2.773
  2844         2.772
  2845         2.771
  2846         2.771
  2847         2.770
  2848         2.770
  2849         2.769
  2850         2.769
  2851         2.768
  2852         2.767
  2853         2.767
  2854         2.766
  2855         2.766
  2856         2.765
  2857         2.765
  2858         2.764
  2859         2.763
  2860         2.763
  2861         2.762
  2862         2.762
  2863         2.761
  2864         2.761
  2865         2.760
  2866         2.760
  2867         2.759
  2868         2.759
  2869         2.758
  2870         2.757
  2871         2.757
  2872         2.756
  2873         2.756
  2874         2.755
  2875         2.755
  2876         2.754
  2877         2.754
  2878         2.753
  2879         2.752
  2880         2.752
  2881         2.751
  2882         2.751
  2883         2.750
  2884         2.750
  2885         2.749
  2886         2.749
  2887         2.748
  2888         2.747
  2889         2.747
  2890         2.746
  2891         2.746
  2892         2.745
  2893         2.745
  2894         2.744
  2895         2.744
  2896         2.743
  2897         2.742
  2898         2.742
  2899         2.741
  2900         2.741
  2901         2.740
  2902         2.740
  2903         2.739
  2904         2.739
  2905         2.738
  2906         2.738
  2907         2.737
  2908         2.736
  2909         2.736
  2910         2.735
  2911         2.735
  2912         2.734
  2913         2.734
  2914         2.733
  2915         2.733
  2916         2.732
  2917         2.732
  2918         2.731
  2919         2.731
  2920         2.730
  2921         2.729
  2922         2.729
  2923         2.728
  2924         2.728
  2925         2.727
  2926         2.727
  2927         2.726
  2928         2.726
  2929         2.725
  2930         2.725
  2931         2.724
  2932         2.723
  2933         2.723
  2934         2.722
  2935         2.722
  2936         2.721
  2937         2.721
  2938         2.720
  2939         2.720
  2940         2.719
  2941         2.719
  2942         2.718
  2943         2.718
  2944         2.717
  2945         2.716
  2946         2.716
  2947         2.715
  2948         2.715
  2949         2.714
  2950         2.714
  2951         2.713
  2952         2.713
  2953         2.712
  2954         2.712
  2955         2.711
  2956         2.711
  2957         2.710
  2958         2.710
  2959         2.709
  2960         2.709
  2961         2.708
  2962         2.708
  2963         2.707
  2964         2.706
  2965         2.706
  2966         2.705
  2967         2.705
  2968         2.704
  2969         2.704
  2970         2.703
  2971         2.703
  2972         2.702
  2973         2.702
  2974         2.701
  2975         2.701
  2976         2.700
  2977         2.700
  2978         2.699
  2979         2.699
  2980         2.698
  2981         2.698
  2982         2.697
  2983         2.697
  2984         2.696
  2985         2.695
  2986         2.695
  2987         2.694
  2988         2.694
  2989         2.693
  2990         2.693
  2991         2.692
  2992         2.692
  2993         2.691
  2994         2.691
  2995         2.690
  2996         2.690
  2997         2.689
  2998         2.689
  2999         2.688
  3000         2.688
