     2       230.775
     3       186.784
     4       160.757
     5       143.094
     6       130.113
     7       120.061
     8       111.983
     9       105.311
    10        99.680
    11        94.845
    12        90.637
    13        86.931
    14        83.635
    15        80.679
    16        78.009
    17        75.581
    18        73.361
    19        71.322
    20        69.439
    21        67.694
    22        66.072
    23        64.558
    24        63.141
    25        61.811
    26        60.560
    27        59.380
    28        58.265
    29        57.208
    30        56.206
    31        55.253
    32        54.346
    33        53.481
    34        52.656
    35        51.866
    36        51.110
    37        50.385
    38        49.690
    39        49.022
    40        48.379
    41        47.761
    42        47.165
    43        46.590
    44        46.035
    45        45.499
    46        44.981
    47        44.480
    48        43.995
    49        43.525
    50        43.070
    51        42.627
    52        42.198
    53        41.782
    54        41.377
    55        40.984
    56        40.601
    57        40.229
    58        39.866
    59        39.513
    60        39.169
    61        38.833
    62        38.506
    63        38.187
    64        37.875
    65        37.571
    66        37.274
    67        36.983
    68        36.699
    69        36.422
    70        36.150
    71        35.884
    72        35.624
    73        35.370
    74        35.121
    75        34.876
    76        34.637
    77        34.403
    78        34.173
    79        33.947
    80        33.726
    81        33.509
    82        33.296
    83        33.087
    84        32.882
    85        32.681
    86        32.483
    87        32.288
    88        32.097
    89        31.910
    90        31.725
    91        31.544
    92        31.365
    93        31.190
    94        31.018
    95        30.848
    96        30.681
    97        30.516
    98        30.354
    99        30.195
   100        30.038
   101        29.884
   102        29.732
   103        29.582
   104        29.434
   105        29.289
   106        29.145
   107        29.004
   108        28.864
   109        28.727
   110        28.591
   111        28.458
   112        28.326
   113        28.196
   114        28.068
   115        27.942
   116        27.817
   117        27.694
   118        27.572
   119        27.452
   120        27.334
   121        27.217
   122        27.101
   123        26.987
   124        26.875
   125        26.764
   126        26.653
   127        26.545
   128        26.438
   129        26.332
   130        26.227
   131        26.124
   132        26.021
   133        25.921
   134        25.821
   135        25.722
   136        25.624
   137        25.528
   138        25.432
   139        25.338
   140        25.245
   141        25.152
   142        25.061
   143        24.971
   144        24.881
   145        24.793
   146        24.706
   147        24.619
   148        24.533
   149        24.449
   150        24.365
   151        24.282
   152        24.200
   153        24.118
   154        24.037
   155        23.958
   156        23.879
   157        23.801
   158        23.724
   159        23.647
   160        23.571
   161        23.496
   162        23.421
   163        23.348
   164        23.275
   165        23.202
   166        23.131
   167        23.060
   168        22.989
   169        22.920
   170        22.851
   171        22.782
   172        22.715
   173        22.647
   174        22.581
   175        22.515
   176        22.449
   177        22.385
   178        22.320
   179        22.257
   180        22.193
   181        22.131
   182        22.069
   183        22.007
   184        21.946
   185        21.886
   186        21.826
   187        21.766
   188        21.707
   189        21.649
   190        21.590
   191        21.533
   192        21.476
   193        21.420
   194        21.363
   195        21.307
   196        21.252
   197        21.197
   198        21.143
   199        21.089
   200        21.036
   201        20.982
   202        20.930
   203        20.877
   204        20.826
   205        20.774
   206        20.723
   207        20.672
   208        20.622
   209        20.572
   210        20.522
   211        20.473
   212        20.424
   213        20.376
   214        20.327
   215        20.280
   216        20.232
   217        20.185
   218        20.139
   219        20.092
   220        20.046
   221        20.000
   222        19.955
   223        19.910
   224        19.865
   225        19.820
   226        19.777
   227        19.733
   228        19.689
   229        19.646
   230        19.603
   231        19.560
   232        19.518
   233        19.476
   234        19.434
   235        19.393
   236        19.351
   237        19.310
   238        19.270
   239        19.229
   240        19.189
   241        19.149
   242        19.110
   243        19.070
   244        19.031
   245        18.992
   246        18.954
   247        18.916
   248        18.877
   249        18.840
   250        18.802
   251        18.765
   252        18.727
   253        18.690
   254        18.654
   255        18.617
   256        18.581
   257        18.545
   258        18.510
   259        18.474
   260        18.439
   261        18.404
   262        18.369
   263        18.334
   264        18.300
   265        18.265
   266        18.231
   267        18.197
   268        18.164
   269        18.131
   270        18.097
   271        18.064
   272        18.031
   273        17.999
   274        17.966
   275        17.934
   276        17.902
   277        17.870
   278        17.838
   279        17.807
   280        17.775
   281        17.744
   282        17.713
   283        17.682
   284        17.652
   285        17.621
   286        17.591
   287        17.561
   288        17.531
   289        17.501
   290        17.472
   291        17.442
   292        17.413
   293        17.384
   294        17.355
   295        17.326
   296        17.297
   297        17.269
   298        17.241
   299        17.212
   300        17.184
   301        17.157
   302        17.129
   303        17.101
   304        17.074
   305        17.046
   306        17.019
   307        16.993
   308        16.966
   309        16.939
   310        16.913
   311        16.886
   312        16.860
   313        16.833
   314        16.808
   315        16.782
   316        16.756
   317        16.730
   318        16.705
   319        16.680
   320        16.654
   321        16.629
   322        16.604
   323        16.579
   324        16.555
   325        16.530
   326        16.506
   327        16.482
   328        16.457
   329        16.433
   330        16.409
   331        16.385
   332        16.362
   333        16.338
   334        16.315
   335        16.291
   336        16.268
   337        16.245
   338        16.222
   339        16.199
   340        16.176
   341        16.153
   342        16.131
   343        16.108
   344        16.086
   345        16.064
   346        16.041
   347        16.020
   348        15.997
   349        15.976
   350        15.954
   351        15.932
   352        15.911
   353        15.889
   354        15.868
   355        15.847
   356        15.826
   357        15.805
   358        15.784
   359        15.763
   360        15.742
   361        15.722
   362        15.701
   363        15.681
   364        15.660
   365        15.640
   366        15.620
   367        15.600
   368        15.580
   369        15.560
   370        15.540
   371        15.520
   372        15.501
   373        15.481
   374        15.462
   375        15.442
   376        15.423
   377        15.404
   378        15.385
   379        15.366
   380        15.347
   381        15.328
   382        15.309
   383        15.290
   384        15.272
   385        15.253
   386        15.235
   387        15.217
   388        15.198
   389        15.180
   390        15.162
   391        15.144
   392        15.126
   393        15.108
   394        15.090
   395        15.072
   396        15.055
   397        15.037
   398        15.020
   399        15.002
   400        14.985
   401        14.968
   402        14.950
   403        14.933
   404        14.916
   405        14.899
   406        14.882
   407        14.865
   408        14.849
   409        14.832
   410        14.815
   411        14.799
   412        14.782
   413        14.766
   414        14.749
   415        14.733
   416        14.717
   417        14.701
   418        14.684
   419        14.669
   420        14.652
   421        14.637
   422        14.621
   423        14.605
   424        14.589
   425        14.574
   426        14.558
   427        14.542
   428        14.527
   429        14.512
   430        14.496
   431        14.481
   432        14.466
   433        14.450
   434        14.435
   435        14.420
   436        14.405
   437        14.390
   438        14.376
   439        14.361
   440        14.346
   441        14.331
   442        14.317
   443        14.302
   444        14.288
   445        14.273
   446        14.259
   447        14.244
   448        14.230
   449        14.216
   450        14.201
   451        14.187
   452        14.173
   453        14.159
   454        14.145
   455        14.131
   456        14.117
   457        14.103
   458        14.090
   459        14.076
   460        14.062
   461        14.048
   462        14.035
   463        14.021
   464        14.008
   465        13.995
   466        13.981
   467        13.968
   468        13.955
   469        13.941
   470        13.928
   471        13.915
   472        13.902
   473        13.889
   474        13.876
   475        13.863
   476        13.850
   477        13.837
   478        13.824
   479        13.811
   480        13.799
   481        13.786
   482        13.773
   483        13.761
   484        13.748
   485        13.736
   486        13.723
   487        13.711
   488        13.699
   489        13.686
   490        13.674
   491        13.662
   492        13.650
   493        13.637
   494        13.625
   495        13.613
   496        13.601
   497        13.589
   498        13.577
   499        13.565
   500        13.553
   501        13.542
   502        13.530
   503        13.518
   504        13.506
   505        13.495
   506        13.483
   507        13.471
   508        13.460
   509        13.448
   510        13.437
   511        13.425
   512        13.414
   513        13.403
   514        13.391
   515        13.380
   516        13.369
   517        13.357
   518        13.346
   519        13.335
   520        13.324
   521        13.313
   522        13.302
   523        13.291
   524        13.280
   525        13.269
   526        13.258
   527        13.247
   528        13.236
   529        13.225
   530        13.214
   531        13.204
   532        13.193
   533        13.182
   534        13.172
   535        13.161
   536        13.151
   537        13.140
   538        13.129
   539        13.119
   540        13.109
   541        13.098
   542        13.088
   543        13.077
   544        13.067
   545        13.057
   546        13.046
   547        13.036
   548        13.026
   549        13.016
   550        13.006
   551        12.995
   552        12.985
   553        12.975
   554        12.965
   555        12.955
   556        12.945
   557        12.935
   558        12.925
   559        12.915
   560        12.906
   561        12.896
   562        12.886
   563        12.876
   564        12.867
   565        12.857
   566        12.847
   567        12.837
   568        12.828
   569        12.818
   570        12.809
   571        12.799
   572        12.789
   573        12.780
   574        12.770
   575        12.761
   576        12.751
   577        12.742
   578        12.733
   579        12.723
   580        12.714
   581        12.705
   582        12.695
   583        12.686
   584        12.677
   585        12.668
   586        12.658
   587        12.649
   588        12.640
   589        12.631
   590        12.622
   591        12.613
   592        12.604
   593        12.595
   594        12.586
   595        12.576
   596        12.568
   597        12.559
   598        12.550
   599        12.541
   600        12.532
   601        12.523
   602        12.514
   603        12.505
   604        12.497
   605        12.488
   606        12.479
   607        12.470
   608        12.462
   609        12.453
   610        12.444
   611        12.436
   612        12.427
   613        12.418
   614        12.410
   615        12.401
   616        12.393
   617        12.384
   618        12.375
   619        12.367
   620        12.359
   621        12.350
   622        12.342
   623        12.333
   624        12.325
   625        12.317
   626        12.308
   627        12.300
   628        12.291
   629        12.283
   630        12.275
   631        12.266
   632        12.258
   633        12.250
   634        12.242
   635        12.234
   636        12.225
   637        12.217
   638        12.209
   639        12.201
   640        12.193
   641        12.185
   642        12.176
   643        12.168
   644        12.160
   645        12.152
   646        12.144
   647        12.136
   648        12.128
   649        12.120
   650        12.112
   651        12.104
   652        12.096
   653        12.088
   654        12.080
   655        12.072
   656        12.065
   657        12.057
   658        12.049
   659        12.041
   660        12.033
   661        12.025
   662        12.017
   663        12.010
   664        12.002
   665        11.994
   666        11.986
   667        11.979
   668        11.971
   669        11.963
   670        11.955
   671        11.948
   672        11.940
   673        11.932
   674        11.925
   675        11.917
   676        11.909
   677        11.902
   678        11.894
   679        11.887
   680        11.879
   681        11.871
   682        11.864
   683        11.856
   684        11.849
   685        11.841
   686        11.834
   687        11.826
   688        11.819
   689        11.811
   690        11.804
   691        11.796
   692        11.789
   693        11.781
   694        11.774
   695        11.767
   696        11.759
   697        11.752
   698        11.744
   699        11.737
   700        11.730
   701        11.722
   702        11.715
   703        11.708
   704        11.700
   705        11.693
   706        11.686
   707        11.679
   708        11.671
   709        11.664
   710        11.657
   711        11.649
   712        11.642
   713        11.635
   714        11.628
   715        11.620
   716        11.613
   717        11.606
   718        11.599
   719        11.592
   720        11.584
   721        11.577
   722        11.570
   723        11.563
   724        11.556
   725        11.549
   726        11.542
   727        11.534
   728        11.527
   729        11.520
   730        11.513
   731        11.506
   732        11.499
   733        11.492
   734        11.485
   735        11.478
   736        11.471
   737        11.464
   738        11.457
   739        11.449
   740        11.442
   741        11.436
   742        11.429
   743        11.422
   744        11.414
   745        11.407
   746        11.400
   747        11.394
   748        11.387
   749        11.380
   750        11.373
   751        11.366
   752        11.359
   753        11.352
   754        11.345
   755        11.338
   756        11.331
   757        11.324
   758        11.317
   759        11.310
   760        11.304
   761        11.297
   762        11.290
   763        11.283
   764        11.276
   765        11.269
   766        11.262
   767        11.255
   768        11.249
   769        11.242
   770        11.235
   771        11.228
   772        11.221
   773        11.214
   774        11.208
   775        11.201
   776        11.194
   777        11.187
   778        11.180
   779        11.174
   780        11.167
   781        11.160
   782        11.153
   783        11.146
   784        11.140
   785        11.133
   786        11.126
   787        11.119
   788        11.113
   789        11.106
   790        11.099
   791        11.093
   792        11.086
   793        11.079
   794        11.072
   795        11.066
   796        11.059
   797        11.052
   798        11.046
   799        11.039
   800        11.032
   801        11.025
   802        11.019
   803        11.012
   804        11.005
   805        10.999
   806        10.992
   807        10.985
   808        10.979
   809        10.972
   810        10.966
   811        10.959
   812        10.952
   813        10.945
   814        10.939
   815        10.932
   816        10.926
   817        10.919
   818        10.912
   819        10.906
   820        10.899
   821        10.892
   822        10.886
   823        10.879
   824        10.873
   825        10.866
   826        10.860
   827        10.853
   828        10.847
   829        10.840
   830        10.833
   831        10.827
   832        10.820
   833        10.814
   834        10.807
   835        10.801
   836        10.794
   837        10.787
   838        10.781
   839        10.774
   840        10.768
   841        10.761
   842        10.755
   843        10.748
   844        10.742
   845        10.735
   846        10.729
   847        10.722
   848        10.716
   849        10.709
   850        10.703
   851        10.696
   852        10.690
   853        10.683
   854        10.677
   855        10.670
   856        10.664
   857        10.657
   858        10.651
   859        10.644
   860        10.638
   861        10.631
   862        10.625
   863        10.618
   864        10.612
   865        10.605
   866        10.599
   867        10.593
   868        10.586
   869        10.580
   870        10.573
   871        10.567
   872        10.560
   873        10.554
   874        10.548
   875        10.541
   876        10.535
   877        10.528
   878        10.522
   879        10.515
   880        10.509
   881        10.503
   882        10.496
   883        10.490
   884        10.483
   885        10.477
   886        10.471
   887        10.464
   888        10.458
   889        10.452
   890        10.445
   891        10.439
   892        10.432
   893        10.426
   894        10.420
   895        10.413
   896        10.407
   897        10.401
   898        10.394
   899        10.388
   900        10.382
   901        10.375
   902        10.369
   903        10.363
   904        10.356
   905        10.350
   906        10.344
   907        10.338
   908        10.331
   909        10.325
   910        10.318
   911        10.312
   912        10.306
   913        10.299
   914        10.293
   915        10.287
   916        10.281
   917        10.274
   918        10.268
   919        10.262
   920        10.256
   921        10.249
   922        10.243
   923        10.237
   924        10.231
   925        10.224
   926        10.218
   927        10.212
   928        10.206
   929        10.199
   930        10.193
   931        10.187
   932        10.181
   933        10.174
   934        10.168
   935        10.162
   936        10.156
   937        10.150
   938        10.143
   939        10.137
   940        10.131
   941        10.125
   942        10.119
   943        10.112
   944        10.106
   945        10.100
   946        10.094
   947        10.088
   948        10.082
   949        10.075
   950        10.069
   951        10.063
   952        10.057
   953        10.051
   954        10.045
   955        10.039
   956        10.032
   957        10.026
   958        10.020
   959        10.014
   960        10.008
   961        10.002
   962         9.996
   963         9.990
   964         9.983
   965         9.977
   966         9.971
   967         9.965
   968         9.959
   969         9.953
   970         9.947
   971         9.941
   972         9.935
   973         9.929
   974         9.922
   975         9.917
   976         9.911
   977         9.904
   978         9.898
   979         9.892
   980         9.886
   981         9.880
   982         9.874
   983         9.868
   984         9.862
   985         9.856
   986         9.850
   987         9.844
   988         9.838
   989         9.832
   990         9.826
   991         9.820
   992         9.814
   993         9.808
   994         9.802
   995         9.796
   996         9.790
   997         9.784
   998         9.778
   999         9.772
  1000         9.766
  1001         9.760
  1002         9.754
  1003         9.749
  1004         9.743
  1005         9.737
  1006         9.731
  1007         9.725
  1008         9.719
  1009         9.713
  1010         9.707
  1011         9.701
  1012         9.696
  1013         9.690
  1014         9.684
  1015         9.678
  1016         9.672
  1017         9.666
  1018         9.660
  1019         9.654
  1020         9.649
  1021         9.643
  1022         9.637
  1023         9.631
  1024         9.625
  1025         9.619
  1026         9.614
  1027         9.608
  1028         9.602
  1029         9.596
  1030         9.590
  1031         9.584
  1032         9.579
  1033         9.573
  1034         9.567
  1035         9.561
  1036         9.556
  1037         9.550
  1038         9.544
  1039         9.539
  1040         9.533
  1041         9.527
  1042         9.521
  1043         9.515
  1044         9.510
  1045         9.504
  1046         9.498
  1047         9.493
  1048         9.487
  1049         9.481
  1050         9.475
  1051         9.470
  1052         9.464
  1053         9.458
  1054         9.453
  1055         9.447
  1056         9.441
  1057         9.436
  1058         9.430
  1059         9.424
  1060         9.419
  1061         9.413
  1062         9.408
  1063         9.402
  1064         9.396
  1065         9.391
  1066         9.385
  1067         9.379
  1068         9.374
  1069         9.368
  1070         9.363
  1071         9.357
  1072         9.352
  1073         9.346
  1074         9.340
  1075         9.335
  1076         9.330
  1077         9.324
  1078         9.318
  1079         9.313
  1080         9.307
  1081         9.302
  1082         9.296
  1083         9.291
  1084         9.285
  1085         9.280
  1086         9.274
  1087         9.269
  1088         9.263
  1089         9.258
  1090         9.252
  1091         9.247
  1092         9.242
  1093         9.236
  1094         9.231
  1095         9.225
  1096         9.220
  1097         9.214
  1098         9.209
  1099         9.204
  1100         9.198
  1101         9.193
  1102         9.187
  1103         9.182
  1104         9.176
  1105         9.171
  1106         9.166
  1107         9.160
  1108         9.155
  1109         9.150
  1110         9.144
  1111         9.139
  1112         9.134
  1113         9.128
  1114         9.123
  1115         9.118
  1116         9.112
  1117         9.107
  1118         9.102
  1119         9.096
  1120         9.091
  1121         9.086
  1122         9.080
  1123         9.075
  1124         9.070
  1125         9.065
  1126         9.060
  1127         9.054
  1128         9.049
  1129         9.044
  1130         9.039
  1131         9.034
  1132         9.028
  1133         9.023
  1134         9.018
  1135         9.013
  1136         9.007
  1137         9.002
  1138         8.997
  1139         8.992
  1140         8.987
  1141         8.982
  1142         8.977
  1143         8.971
  1144         8.966
  1145         8.961
  1146         8.956
  1147         8.951
  1148         8.946
  1149         8.941
  1150         8.936
  1151         8.930
  1152         8.925
  1153         8.920
  1154         8.915
  1155         8.910
  1156         8.905
  1157         8.900
  1158         8.895
  1159         8.890
  1160         8.885
  1161         8.880
  1162         8.875
  1163         8.870
  1164         8.865
  1165         8.860
  1166         8.855
  1167         8.850
  1168         8.845
  1169         8.840
  1170         8.835
  1171         8.830
  1172         8.825
  1173         8.820
  1174         8.815
  1175         8.810
  1176         8.805
  1177         8.800
  1178         8.795
  1179         8.790
  1180         8.786
  1181         8.781
  1182         8.776
  1183         8.771
  1184         8.766
  1185         8.761
  1186         8.756
  1187         8.751
  1188         8.747
  1189         8.742
  1190         8.737
  1191         8.732
  1192         8.727
  1193         8.722
  1194         8.718
  1195         8.713
  1196         8.708
  1197         8.703
  1198         8.699
  1199         8.694
  1200         8.689
  1201         8.684
  1202         8.679
  1203         8.675
  1204         8.670
  1205         8.665
  1206         8.660
  1207         8.656
  1208         8.651
  1209         8.646
  1210         8.642
  1211         8.637
  1212         8.632
  1213         8.627
  1214         8.623
  1215         8.618
  1216         8.613
  1217         8.609
  1218         8.604
  1219         8.599
  1220         8.595
  1221         8.590
  1222         8.585
  1223         8.581
  1224         8.576
  1225         8.572
  1226         8.567
  1227         8.562
  1228         8.558
  1229         8.553
  1230         8.549
  1231         8.544
  1232         8.539
  1233         8.535
  1234         8.530
  1235         8.526
  1236         8.521
  1237         8.517
  1238         8.512
  1239         8.508
  1240         8.503
  1241         8.498
  1242         8.494
  1243         8.489
  1244         8.485
  1245         8.481
  1246         8.476
  1247         8.472
  1248         8.467
  1249         8.463
  1250         8.458
  1251         8.454
  1252         8.449
  1253         8.445
  1254         8.441
  1255         8.436
  1256         8.432
  1257         8.427
  1258         8.423
  1259         8.418
  1260         8.414
  1261         8.409
  1262         8.405
  1263         8.401
  1264         8.396
  1265         8.392
  1266         8.388
  1267         8.383
  1268         8.379
  1269         8.375
  1270         8.370
  1271         8.366
  1272         8.362
  1273         8.357
  1274         8.353
  1275         8.349
  1276         8.344
  1277         8.340
  1278         8.336
  1279         8.331
  1280         8.327
  1281         8.323
  1282         8.319
  1283         8.315
  1284         8.310
  1285         8.306
  1286         8.302
  1287         8.297
  1288         8.293
  1289         8.289
  1290         8.285
  1291         8.280
  1292         8.277
  1293         8.272
  1294         8.268
  1295         8.264
  1296         8.260
  1297         8.255
  1298         8.251
  1299         8.247
  1300         8.243
  1301         8.239
  1302         8.235
  1303         8.231
  1304         8.227
  1305         8.222
  1306         8.218
  1307         8.214
  1308         8.210
  1309         8.206
  1310         8.202
  1311         8.198
  1312         8.193
  1313         8.190
  1314         8.186
  1315         8.181
  1316         8.177
  1317         8.173
  1318         8.169
  1319         8.165
  1320         8.161
  1321         8.157
  1322         8.153
  1323         8.149
  1324         8.145
  1325         8.141
  1326         8.137
  1327         8.133
  1328         8.129
  1329         8.125
  1330         8.121
  1331         8.117
  1332         8.113
  1333         8.109
  1334         8.105
  1335         8.101
  1336         8.097
  1337         8.093
  1338         8.089
  1339         8.086
  1340         8.082
  1341         8.078
  1342         8.074
  1343         8.070
  1344         8.066
  1345         8.062
  1346         8.058
  1347         8.054
  1348         8.050
  1349         8.047
  1350         8.043
  1351         8.039
  1352         8.035
  1353         8.031
  1354         8.027
  1355         8.024
  1356         8.020
  1357         8.016
  1358         8.012
  1359         8.008
  1360         8.004
  1361         8.000
  1362         7.997
  1363         7.993
  1364         7.989
  1365         7.985
  1366         7.982
  1367         7.978
  1368         7.974
  1369         7.970
  1370         7.967
  1371         7.963
  1372         7.959
  1373         7.955
  1374         7.951
  1375         7.948
  1376         7.944
  1377         7.940
  1378         7.937
  1379         7.933
  1380         7.929
  1381         7.926
  1382         7.922
  1383         7.918
  1384         7.914
  1385         7.911
  1386         7.907
  1387         7.903
  1388         7.900
  1389         7.896
  1390         7.893
  1391         7.889
  1392         7.885
  1393         7.882
  1394         7.878
  1395         7.874
  1396         7.871
  1397         7.867
  1398         7.863
  1399         7.860
  1400         7.856
  1401         7.853
  1402         7.849
  1403         7.846
  1404         7.842
  1405         7.838
  1406         7.835
  1407         7.831
  1408         7.828
  1409         7.824
  1410         7.820
  1411         7.817
  1412         7.814
  1413         7.810
  1414         7.806
  1415         7.803
  1416         7.799
  1417         7.796
  1418         7.792
  1419         7.789
  1420         7.785
  1421         7.782
  1422         7.778
  1423         7.775
  1424         7.772
  1425         7.768
  1426         7.765
  1427         7.761
  1428         7.758
  1429         7.754
  1430         7.751
  1431         7.747
  1432         7.744
  1433         7.740
  1434         7.737
  1435         7.733
  1436         7.730
  1437         7.727
  1438         7.723
  1439         7.720
  1440         7.716
  1441         7.713
  1442         7.710
  1443         7.706
  1444         7.703
  1445         7.699
  1446         7.696
  1447         7.693
  1448         7.689
  1449         7.686
  1450         7.683
  1451         7.679
  1452         7.676
  1453         7.673
  1454         7.669
  1455         7.666
  1456         7.663
  1457         7.659
  1458         7.656
  1459         7.652
  1460         7.649
  1461         7.646
  1462         7.643
  1463         7.640
  1464         7.636
  1465         7.633
  1466         7.630
  1467         7.626
  1468         7.623
  1469         7.620
  1470         7.616
  1471         7.613
  1472         7.610
  1473         7.607
  1474         7.603
  1475         7.600
  1476         7.597
  1477         7.594
  1478         7.591
  1479         7.587
  1480         7.584
  1481         7.581
  1482         7.578
  1483         7.574
  1484         7.571
  1485         7.568
  1486         7.565
  1487         7.562
  1488         7.559
  1489         7.555
  1490         7.552
  1491         7.549
  1492         7.546
  1493         7.543
  1494         7.539
  1495         7.536
  1496         7.533
  1497         7.530
  1498         7.527
  1499         7.524
  1500         7.520
  1501         7.518
  1502         7.515
  1503         7.511
  1504         7.508
  1505         7.505
  1506         7.502
  1507         7.499
  1508         7.496
  1509         7.493
  1510         7.489
  1511         7.486
  1512         7.483
  1513         7.480
  1514         7.477
  1515         7.474
  1516         7.471
  1517         7.468
  1518         7.465
  1519         7.462
  1520         7.459
  1521         7.456
  1522         7.453
  1523         7.450
  1524         7.447
  1525         7.444
  1526         7.441
  1527         7.438
  1528         7.435
  1529         7.432
  1530         7.429
  1531         7.426
  1532         7.423
  1533         7.420
  1534         7.417
  1535         7.414
  1536         7.411
  1537         7.408
  1538         7.405
  1539         7.402
  1540         7.399
  1541         7.396
  1542         7.393
  1543         7.390
  1544         7.387
  1545         7.384
  1546         7.381
  1547         7.378
  1548         7.375
  1549         7.372
  1550         7.369
  1551         7.366
  1552         7.363
  1553         7.360
  1554         7.358
  1555         7.355
  1556         7.352
  1557         7.349
  1558         7.346
  1559         7.343
  1560         7.340
  1561         7.337
  1562         7.335
  1563         7.332
  1564         7.329
  1565         7.326
  1566         7.323
  1567         7.320
  1568         7.317
  1569         7.314
  1570         7.311
  1571         7.309
  1572         7.306
  1573         7.303
  1574         7.300
  1575         7.297
  1576         7.295
  1577         7.292
  1578         7.289
  1579         7.286
  1580         7.283
  1581         7.280
  1582         7.277
  1583         7.275
  1584         7.272
  1585         7.269
  1586         7.266
  1587         7.264
  1588         7.261
  1589         7.258
  1590         7.255
  1591         7.253
  1592         7.250
  1593         7.247
  1594         7.244
  1595         7.241
  1596         7.239
  1597         7.236
  1598         7.233
  1599         7.230
  1600         7.227
  1601         7.225
  1602         7.222
  1603         7.220
  1604         7.217
  1605         7.214
  1606         7.211
  1607         7.209
  1608         7.206
  1609         7.203
  1610         7.200
  1611         7.198
  1612         7.195
  1613         7.192
  1614         7.189
  1615         7.187
  1616         7.184
  1617         7.182
  1618         7.179
  1619         7.176
  1620         7.174
  1621         7.171
  1622         7.168
  1623         7.165
  1624         7.163
  1625         7.160
  1626         7.157
  1627         7.155
  1628         7.152
  1629         7.149
  1630         7.147
  1631         7.144
  1632         7.141
  1633         7.139
  1634         7.136
  1635         7.134
  1636         7.131
  1637         7.128
  1638         7.126
  1639         7.123
  1640         7.121
  1641         7.118
  1642         7.115
  1643         7.113
  1644         7.110
  1645         7.107
  1646         7.105
  1647         7.102
  1648         7.100
  1649         7.097
  1650         7.095
  1651         7.092
  1652         7.090
  1653         7.087
  1654         7.084
  1655         7.082
  1656         7.079
  1657         7.077
  1658         7.074
  1659         7.071
  1660         7.069
  1661         7.066
  1662         7.064
  1663         7.061
  1664         7.059
  1665         7.056
  1666         7.054
  1667         7.051
  1668         7.049
  1669         7.046
  1670         7.044
  1671         7.041
  1672         7.039
  1673         7.036
  1674         7.034
  1675         7.031
  1676         7.029
  1677         7.026
  1678         7.024
  1679         7.021
  1680         7.018
  1681         7.016
  1682         7.014
  1683         7.011
  1684         7.009
  1685         7.006
  1686         7.004
  1687         7.001
  1688         6.999
  1689         6.996
  1690         6.994
  1691         6.991
  1692         6.989
  1693         6.986
  1694         6.984
  1695         6.982
  1696         6.979
  1697         6.977
  1698         6.974
  1699         6.972
  1700         6.970
  1701         6.967
  1702         6.965
  1703         6.962
  1704         6.960
  1705         6.957
  1706         6.955
  1707         6.953
  1708         6.950
  1709         6.948
  1710         6.945
  1711         6.943
  1712         6.940
  1713         6.938
  1714         6.936
  1715         6.933
  1716         6.931
  1717         6.929
  1718         6.926
  1719         6.924
  1720         6.922
  1721         6.919
  1722         6.917
  1723         6.914
  1724         6.912
  1725         6.910
  1726         6.907
  1727         6.905
  1728         6.902
  1729         6.900
  1730         6.898
  1731         6.895
  1732         6.893
  1733         6.891
  1734         6.888
  1735         6.886
  1736         6.884
  1737         6.882
  1738         6.879
  1739         6.877
  1740         6.875
  1741         6.872
  1742         6.870
  1743         6.868
  1744         6.865
  1745         6.863
  1746         6.861
  1747         6.858
  1748         6.856
  1749         6.854
  1750         6.851
  1751         6.849
  1752         6.847
  1753         6.845
  1754         6.842
  1755         6.840
  1756         6.838
  1757         6.835
  1758         6.833
  1759         6.831
  1760         6.829
  1761         6.826
  1762         6.824
  1763         6.822
  1764         6.819
  1765         6.817
  1766         6.815
  1767         6.813
  1768         6.810
  1769         6.808
  1770         6.806
  1771         6.804
  1772         6.802
  1773         6.799
  1774         6.797
  1775         6.795
  1776         6.793
  1777         6.790
  1778         6.788
  1779         6.786
  1780         6.784
  1781         6.781
  1782         6.779
  1783         6.777
  1784         6.775
  1785         6.773
  1786         6.770
  1787         6.768
  1788         6.766
  1789         6.764
  1790         6.761
  1791         6.760
  1792         6.757
  1793         6.755
  1794         6.753
  1795         6.751
  1796         6.749
  1797         6.746
  1798         6.744
  1799         6.742
  1800         6.740
  1801         6.738
  1802         6.735
  1803         6.733
  1804         6.731
  1805         6.729
  1806         6.727
  1807         6.725
  1808         6.722
  1809         6.720
  1810         6.718
  1811         6.716
  1812         6.714
  1813         6.712
  1814         6.710
  1815         6.708
  1816         6.705
  1817         6.703
  1818         6.701
  1819         6.699
  1820         6.697
  1821         6.695
  1822         6.693
  1823         6.690
  1824         6.688
  1825         6.686
  1826         6.684
  1827         6.682
  1828         6.680
  1829         6.678
  1830         6.676
  1831         6.674
  1832         6.672
  1833         6.669
  1834         6.667
  1835         6.665
  1836         6.663
  1837         6.661
  1838         6.659
  1839         6.657
  1840         6.655
  1841         6.653
  1842         6.651
  1843         6.648
  1844         6.646
  1845         6.644
  1846         6.642
  1847         6.640
  1848         6.638
  1849         6.636
  1850         6.634
  1851         6.632
  1852         6.630
  1853         6.628
  1854         6.626
  1855         6.624
  1856         6.622
  1857         6.620
  1858         6.618
  1859         6.616
  1860         6.614
  1861         6.611
  1862         6.609
  1863         6.607
  1864         6.605
  1865         6.603
  1866         6.601
  1867         6.599
  1868         6.597
  1869         6.595
  1870         6.593
  1871         6.591
  1872         6.589
  1873         6.587
  1874         6.585
  1875         6.583
  1876         6.581
  1877         6.579
  1878         6.577
  1879         6.575
  1880         6.573
  1881         6.571
  1882         6.569
  1883         6.567
  1884         6.565
  1885         6.563
  1886         6.561
  1887         6.559
  1888         6.557
  1889         6.555
  1890         6.553
  1891         6.551
  1892         6.549
  1893         6.547
  1894         6.545
  1895         6.544
  1896         6.542
  1897         6.540
  1898         6.538
  1899         6.536
  1900         6.534
  1901         6.532
  1902         6.530
  1903         6.528
  1904         6.526
  1905         6.524
  1906         6.522
  1907         6.520
  1908         6.518
  1909         6.516
  1910         6.514
  1911         6.512
  1912         6.510
  1913         6.508
  1914         6.506
  1915         6.505
  1916         6.503
  1917         6.501
  1918         6.499
  1919         6.497
  1920         6.495
  1921         6.493
  1922         6.491
  1923         6.489
  1924         6.487
  1925         6.485
  1926         6.483
  1927         6.481
  1928         6.479
  1929         6.477
  1930         6.476
  1931         6.474
  1932         6.472
  1933         6.470
  1934         6.468
  1935         6.466
  1936         6.464
  1937         6.463
  1938         6.461
  1939         6.459
  1940         6.457
  1941         6.455
  1942         6.453
  1943         6.451
  1944         6.449
  1945         6.447
  1946         6.445
  1947         6.444
  1948         6.442
  1949         6.440
  1950         6.438
  1951         6.436
  1952         6.434
  1953         6.432
  1954         6.430
  1955         6.429
  1956         6.427
  1957         6.425
  1958         6.423
  1959         6.421
  1960         6.420
  1961         6.418
  1962         6.416
  1963         6.414
  1964         6.412
  1965         6.410
  1966         6.408
  1967         6.407
  1968         6.405
  1969         6.403
  1970         6.401
  1971         6.399
  1972         6.397
  1973         6.395
  1974         6.394
  1975         6.392
  1976         6.390
  1977         6.388
  1978         6.386
  1979         6.384
  1980         6.383
  1981         6.381
  1982         6.379
  1983         6.377
  1984         6.376
  1985         6.374
  1986         6.372
  1987         6.370
  1988         6.368
  1989         6.367
  1990         6.365
  1991         6.363
  1992         6.361
  1993         6.359
  1994         6.358
  1995         6.356
  1996         6.354
  1997         6.352
  1998         6.350
  1999         6.349
  2000         6.347
  2001         6.345
  2002         6.343
  2003         6.341
  2004         6.340
  2005         6.338
  2006         6.336
  2007         6.335
  2008         6.333
  2009         6.331
  2010         6.329
  2011         6.327
  2012         6.326
  2013         6.324
  2014         6.322
  2015         6.320
  2016         6.319
  2017         6.317
  2018         6.315
  2019         6.313
  2020         6.311
  2021         6.310
  2022         6.308
  2023         6.306
  2024         6.304
  2025         6.303
  2026         6.301
  2027         6.299
  2028         6.298
  2029         6.296
  2030         6.294
  2031         6.293
  2032         6.291
  2033         6.289
  2034         6.287
  2035         6.286
  2036         6.284
  2037         6.282
  2038         6.280
  2039         6.279
  2040         6.277
  2041         6.275
  2042         6.273
  2043         6.272
  2044         6.270
  2045         6.268
  2046         6.267
  2047         6.265
  2048         6.263
  2049         6.261
  2050         6.260
  2051         6.258
  2052         6.256
  2053         6.255
  2054         6.253
  2055         6.251
  2056         6.250
  2057         6.248
  2058         6.246
  2059         6.245
  2060         6.243
  2061         6.241
  2062         6.239
  2063         6.238
  2064         6.236
  2065         6.234
  2066         6.233
  2067         6.231
  2068         6.229
  2069         6.228
  2070         6.226
  2071         6.224
  2072         6.223
  2073         6.221
  2074         6.219
  2075         6.218
  2076         6.216
  2077         6.214
  2078         6.213
  2079         6.211
  2080         6.209
  2081         6.208
  2082         6.206
  2083         6.204
  2084         6.203
  2085         6.201
  2086         6.199
  2087         6.198
  2088         6.196
  2089         6.195
  2090         6.193
  2091         6.191
  2092         6.190
  2093         6.188
  2094         6.186
  2095         6.185
  2096         6.183
  2097         6.181
  2098         6.180
  2099         6.178
  2100         6.176
  2101         6.175
  2102         6.173
  2103         6.171
  2104         6.170
  2105         6.168
  2106         6.167
  2107         6.165
  2108         6.164
  2109         6.162
  2110         6.160
  2111         6.159
  2112         6.157
  2113         6.155
  2114         6.154
  2115         6.152
  2116         6.151
  2117         6.149
  2118         6.147
  2119         6.146
  2120         6.144
  2121         6.142
  2122         6.141
  2123         6.139
  2124         6.138
  2125         6.136
  2126         6.134
  2127         6.133
  2128         6.131
  2129         6.130
  2130         6.128
  2131         6.127
  2132         6.125
  2133         6.124
  2134         6.122
  2135         6.120
  2136         6.119
  2137         6.117
  2138         6.116
  2139         6.114
  2140         6.112
  2141         6.111
  2142         6.109
  2143         6.108
  2144         6.106
  2145         6.104
  2146         6.103
  2147         6.101
  2148         6.100
  2149         6.098
  2150         6.097
  2151         6.095
  2152         6.093
  2153         6.092
  2154         6.090
  2155         6.089
  2156         6.087
  2157         6.086
  2158         6.084
  2159         6.083
  2160         6.081
  2161         6.080
  2162         6.078
  2163         6.076
  2164         6.075
  2165         6.073
  2166         6.072
  2167         6.070
  2168         6.069
  2169         6.067
  2170         6.066
  2171         6.064
  2172         6.063
  2173         6.061
  2174         6.059
  2175         6.058
  2176         6.056
  2177         6.055
  2178         6.053
  2179         6.052
  2180         6.050
  2181         6.049
  2182         6.047
  2183         6.046
  2184         6.044
  2185         6.043
  2186         6.041
  2187         6.040
  2188         6.038
  2189         6.037
  2190         6.035
  2191         6.034
  2192         6.032
  2193         6.031
  2194         6.029
  2195         6.028
  2196         6.026
  2197         6.025
  2198         6.023
  2199         6.021
  2200         6.020
  2201         6.018
  2202         6.017
  2203         6.015
  2204         6.014
  2205         6.012
  2206         6.011
  2207         6.009
  2208         6.008
  2209         6.006
  2210         6.005
  2211         6.003
  2212         6.002
  2213         6.001
  2214         5.999
  2215         5.998
  2216         5.996
  2217         5.995
  2218         5.993
  2219         5.992
  2220         5.990
  2221         5.989
  2222         5.987
  2223         5.986
  2224         5.984
  2225         5.983
  2226         5.981
  2227         5.980
  2228         5.978
  2229         5.977
  2230         5.975
  2231         5.974
  2232         5.972
  2233         5.971
  2234         5.970
  2235         5.968
  2236         5.967
  2237         5.965
  2238         5.964
  2239         5.962
  2240         5.961
  2241         5.960
  2242         5.958
  2243         5.957
  2244         5.955
  2245         5.954
  2246         5.952
  2247         5.951
  2248         5.949
  2249         5.948
  2250         5.946
  2251         5.945
  2252         5.944
  2253         5.942
  2254         5.941
  2255         5.939
  2256         5.938
  2257         5.936
  2258         5.935
  2259         5.933
  2260         5.932
  2261         5.930
  2262         5.929
  2263         5.928
  2264         5.926
  2265         5.925
  2266         5.923
  2267         5.922
  2268         5.920
  2269         5.919
  2270         5.918
  2271         5.916
  2272         5.915
  2273         5.914
  2274         5.912
  2275         5.911
  2276         5.909
  2277         5.908
  2278         5.906
  2279         5.905
  2280         5.904
  2281         5.902
  2282         5.901
  2283         5.899
  2284         5.898
  2285         5.896
  2286         5.895
  2287         5.894
  2288         5.892
  2289         5.891
  2290         5.889
  2291         5.888
  2292         5.887
  2293         5.885
  2294         5.884
  2295         5.882
  2296         5.881
  2297         5.880
  2298         5.878
  2299         5.877
  2300         5.876
  2301         5.874
  2302         5.873
  2303         5.871
  2304         5.870
  2305         5.869
  2306         5.867
  2307         5.866
  2308         5.865
  2309         5.863
  2310         5.862
  2311         5.860
  2312         5.859
  2313         5.858
  2314         5.856
  2315         5.855
  2316         5.853
  2317         5.852
  2318         5.851
  2319         5.849
  2320         5.848
  2321         5.846
  2322         5.845
  2323         5.844
  2324         5.842
  2325         5.841
  2326         5.840
  2327         5.838
  2328         5.837
  2329         5.835
  2330         5.834
  2331         5.833
  2332         5.832
  2333         5.830
  2334         5.829
  2335         5.828
  2336         5.826
  2337         5.825
  2338         5.823
  2339         5.822
  2340         5.821
  2341         5.819
  2342         5.818
  2343         5.817
  2344         5.815
  2345         5.814
  2346         5.813
  2347         5.811
  2348         5.810
  2349         5.809
  2350         5.807
  2351         5.806
  2352         5.805
  2353         5.803
  2354         5.802
  2355         5.800
  2356         5.799
  2357         5.798
  2358         5.796
  2359         5.795
  2360         5.794
  2361         5.792
  2362         5.791
  2363         5.790
  2364         5.789
  2365         5.787
  2366         5.786
  2367         5.785
  2368         5.783
  2369         5.782
  2370         5.781
  2371         5.779
  2372         5.778
  2373         5.777
  2374         5.775
  2375         5.774
  2376         5.773
  2377         5.771
  2378         5.770
  2379         5.769
  2380         5.767
  2381         5.766
  2382         5.765
  2383         5.763
  2384         5.762
  2385         5.761
  2386         5.760
  2387         5.758
  2388         5.757
  2389         5.756
  2390         5.754
  2391         5.753
  2392         5.752
  2393         5.750
  2394         5.749
  2395         5.748
  2396         5.747
  2397         5.745
  2398         5.744
  2399         5.743
  2400         5.742
  2401         5.740
  2402         5.739
  2403         5.738
  2404         5.736
  2405         5.735
  2406         5.734
  2407         5.732
  2408         5.731
  2409         5.730
  2410         5.729
  2411         5.727
  2412         5.726
  2413         5.725
  2414         5.723
  2415         5.722
  2416         5.721
  2417         5.719
  2418         5.718
  2419         5.717
  2420         5.716
  2421         5.714
  2422         5.713
  2423         5.712
  2424         5.710
  2425         5.709
  2426         5.708
  2427         5.707
  2428         5.706
  2429         5.704
  2430         5.703
  2431         5.702
  2432         5.701
  2433         5.699
  2434         5.698
  2435         5.697
  2436         5.696
  2437         5.694
  2438         5.693
  2439         5.692
  2440         5.690
  2441         5.689
  2442         5.688
  2443         5.687
  2444         5.685
  2445         5.684
  2446         5.683
  2447         5.682
  2448         5.680
  2449         5.679
  2450         5.678
  2451         5.677
  2452         5.675
  2453         5.674
  2454         5.673
  2455         5.672
  2456         5.670
  2457         5.669
  2458         5.668
  2459         5.666
  2460         5.666
  2461         5.664
  2462         5.663
  2463         5.662
  2464         5.661
  2465         5.659
  2466         5.658
  2467         5.657
  2468         5.656
  2469         5.654
  2470         5.653
  2471         5.652
  2472         5.651
  2473         5.649
  2474         5.648
  2475         5.647
  2476         5.646
  2477         5.644
  2478         5.643
  2479         5.642
  2480         5.641
  2481         5.639
  2482         5.638
  2483         5.637
  2484         5.636
  2485         5.635
  2486         5.633
  2487         5.632
  2488         5.631
  2489         5.630
  2490         5.628
  2491         5.627
  2492         5.626
  2493         5.625
  2494         5.624
  2495         5.623
  2496         5.621
  2497         5.620
  2498         5.619
  2499         5.618
  2500         5.617
  2501         5.615
  2502         5.614
  2503         5.613
  2504         5.612
  2505         5.610
  2506         5.609
  2507         5.608
  2508         5.607
  2509         5.606
  2510         5.604
  2511         5.603
  2512         5.602
  2513         5.601
  2514         5.600
  2515         5.598
  2516         5.597
  2517         5.596
  2518         5.595
  2519         5.594
  2520         5.592
  2521         5.591
  2522         5.590
  2523         5.589
  2524         5.588
  2525         5.586
  2526         5.585
  2527         5.584
  2528         5.583
  2529         5.582
  2530         5.581
  2531         5.580
  2532         5.578
  2533         5.577
  2534         5.576
  2535         5.575
  2536         5.574
  2537         5.572
  2538         5.571
  2539         5.570
  2540         5.569
  2541         5.568
  2542         5.566
  2543         5.565
  2544         5.564
  2545         5.563
  2546         5.562
  2547         5.561
  2548         5.559
  2549         5.558
  2550         5.557
  2551         5.556
  2552         5.555
  2553         5.553
  2554         5.552
  2555         5.551
  2556         5.550
  2557         5.549
  2558         5.548
  2559         5.546
  2560         5.545
  2561         5.544
  2562         5.543
  2563         5.542
  2564         5.541
  2565         5.539
  2566         5.539
  2567         5.537
  2568         5.536
  2569         5.535
  2570         5.534
  2571         5.533
  2572         5.532
  2573         5.530
  2574         5.529
  2575         5.528
  2576         5.527
  2577         5.526
  2578         5.525
  2579         5.523
  2580         5.522
  2581         5.521
  2582         5.520
  2583         5.519
  2584         5.518
  2585         5.517
  2586         5.515
  2587         5.514
  2588         5.513
  2589         5.512
  2590         5.511
  2591         5.510
  2592         5.509
  2593         5.507
  2594         5.506
  2595         5.505
  2596         5.504
  2597         5.503
  2598         5.502
  2599         5.500
  2600         5.499
  2601         5.498
  2602         5.497
  2603         5.496
  2604         5.495
  2605         5.494
  2606         5.493
  2607         5.492
  2608         5.491
  2609         5.489
  2610         5.488
  2611         5.487
  2612         5.486
  2613         5.485
  2614         5.484
  2615         5.483
  2616         5.482
  2617         5.480
  2618         5.479
  2619         5.478
  2620         5.477
  2621         5.476
  2622         5.475
  2623         5.474
  2624         5.472
  2625         5.471
  2626         5.470
  2627         5.469
  2628         5.468
  2629         5.467
  2630         5.466
  2631         5.465
  2632         5.464
  2633         5.462
  2634         5.461
  2635         5.460
  2636         5.459
  2637         5.458
  2638         5.457
  2639         5.456
  2640         5.455
  2641         5.454
  2642         5.453
  2643         5.452
  2644         5.450
  2645         5.449
  2646         5.448
  2647         5.447
  2648         5.446
  2649         5.445
  2650         5.444
  2651         5.443
  2652         5.442
  2653         5.441
  2654         5.439
  2655         5.438
  2656         5.437
  2657         5.436
  2658         5.435
  2659         5.434
  2660         5.433
  2661         5.432
  2662         5.431
  2663         5.430
  2664         5.428
  2665         5.427
  2666         5.426
  2667         5.425
  2668         5.424
  2669         5.423
  2670         5.422
  2671         5.421
  2672         5.420
  2673         5.419
  2674         5.417
  2675         5.416
  2676         5.415
  2677         5.414
  2678         5.413
  2679         5.412
  2680         5.411
  2681         5.410
  2682         5.409
  2683         5.408
  2684         5.407
  2685         5.406
  2686         5.405
  2687         5.404
  2688         5.403
  2689         5.402
  2690         5.400
  2691         5.399
  2692         5.398
  2693         5.397
  2694         5.396
  2695         5.395
  2696         5.394
  2697         5.393
  2698         5.392
  2699         5.391
  2700         5.390
  2701         5.389
  2702         5.388
  2703         5.386
  2704         5.385
  2705         5.384
  2706         5.383
  2707         5.382
  2708         5.381
  2709         5.380
  2710         5.379
  2711         5.378
  2712         5.377
  2713         5.376
  2714         5.375
  2715         5.374
  2716         5.373
  2717         5.372
  2718         5.371
  2719         5.370
  2720         5.369
  2721         5.368
  2722         5.367
  2723         5.366
  2724         5.364
  2725         5.363
  2726         5.362
  2727         5.361
  2728         5.360
  2729         5.359
  2730         5.358
  2731         5.357
  2732         5.356
  2733         5.355
  2734         5.354
  2735         5.353
  2736         5.352
  2737         5.351
  2738         5.350
  2739         5.349
  2740         5.348
  2741         5.347
  2742         5.346
  2743         5.344
  2744         5.343
  2745         5.342
  2746         5.341
  2747         5.340
  2748         5.339
  2749         5.338
  2750         5.337
  2751         5.336
  2752         5.335
  2753         5.334
  2754         5.333
  2755         5.332
  2756         5.331
  2757         5.330
  2758         5.329
  2759         5.328
  2760         5.327
  2761         5.326
  2762         5.325
  2763         5.324
  2764         5.323
  2765         5.322
  2766         5.321
  2767         5.320
  2768         5.319
  2769         5.318
  2770         5.317
  2771         5.316
  2772         5.315
  2773         5.314
  2774         5.313
  2775         5.312
  2776         5.311
  2777         5.310
  2778         5.309
  2779         5.308
  2780         5.307
  2781         5.306
  2782         5.304
  2783         5.303
  2784         5.302
  2785         5.301
  2786         5.300
  2787         5.299
  2788         5.298
  2789         5.297
  2790         5.296
  2791         5.295
  2792         5.294
  2793         5.293
  2794         5.292
  2795         5.291
  2796         5.290
  2797         5.289
  2798         5.288
  2799         5.287
  2800         5.287
  2801         5.286
  2802         5.285
  2803         5.283
  2804         5.282
  2805         5.281
  2806         5.280
  2807         5.279
  2808         5.278
  2809         5.277
  2810         5.276
  2811         5.275
  2812         5.274
  2813         5.273
  2814         5.272
  2815         5.271
  2816         5.270
  2817         5.269
  2818         5.268
  2819         5.267
  2820         5.266
  2821         5.265
  2822         5.264
  2823         5.263
  2824         5.262
  2825         5.261
  2826         5.260
  2827         5.259
  2828         5.258
  2829         5.257
  2830         5.256
  2831         5.255
  2832         5.254
  2833         5.253
  2834         5.252
  2835         5.251
  2836         5.250
  2837         5.249
  2838         5.248
  2839         5.248
  2840         5.247
  2841         5.246
  2842         5.245
  2843         5.244
  2844         5.243
  2845         5.242
  2846         5.241
  2847         5.240
  2848         5.239
  2849         5.238
  2850         5.237
  2851         5.236
  2852         5.235
  2853         5.234
  2854         5.233
  2855         5.232
  2856         5.231
  2857         5.230
  2858         5.229
  2859         5.228
  2860         5.227
  2861         5.226
  2862         5.225
  2863         5.224
  2864         5.223
  2865         5.222
  2866         5.221
  2867         5.220
  2868         5.219
  2869         5.218
  2870         5.217
  2871         5.216
  2872         5.215
  2873         5.215
  2874         5.214
  2875         5.213
  2876         5.212
  2877         5.211
  2878         5.210
  2879         5.209
  2880         5.208
  2881         5.207
  2882         5.206
  2883         5.205
  2884         5.204
  2885         5.203
  2886         5.202
  2887         5.201
  2888         5.200
  2889         5.199
  2890         5.198
  2891         5.197
  2892         5.197
  2893         5.196
  2894         5.195
  2895         5.194
  2896         5.193
  2897         5.192
  2898         5.191
  2899         5.190
  2900         5.189
  2901         5.188
  2902         5.187
  2903         5.186
  2904         5.185
  2905         5.184
  2906         5.183
  2907         5.182
  2908         5.181
  2909         5.180
  2910         5.179
  2911         5.178
  2912         5.177
  2913         5.176
  2914         5.176
  2915         5.175
  2916         5.174
  2917         5.173
  2918         5.172
  2919         5.171
  2920         5.170
  2921         5.169
  2922         5.168
  2923         5.167
  2924         5.166
  2925         5.165
  2926         5.164
  2927         5.163
  2928         5.162
  2929         5.161
  2930         5.160
  2931         5.160
  2932         5.159
  2933         5.158
  2934         5.157
  2935         5.156
  2936         5.155
  2937         5.154
  2938         5.153
  2939         5.152
  2940         5.151
  2941         5.150
  2942         5.149
  2943         5.149
  2944         5.148
  2945         5.147
  2946         5.146
  2947         5.145
  2948         5.144
  2949         5.143
  2950         5.142
  2951         5.141
  2952         5.140
  2953         5.139
  2954         5.138
  2955         5.137
  2956         5.136
  2957         5.136
  2958         5.135
  2959         5.134
  2960         5.133
  2961         5.132
  2962         5.131
  2963         5.130
  2964         5.129
  2965         5.128
  2966         5.127
  2967         5.126
  2968         5.125
  2969         5.124
  2970         5.124
  2971         5.123
  2972         5.122
  2973         5.121
  2974         5.120
  2975         5.119
  2976         5.118
  2977         5.117
  2978         5.116
  2979         5.116
  2980         5.115
  2981         5.114
  2982         5.113
  2983         5.112
  2984         5.111
  2985         5.110
  2986         5.109
  2987         5.108
  2988         5.107
  2989         5.106
  2990         5.106
  2991         5.105
  2992         5.104
  2993         5.103
  2994         5.102
  2995         5.101
  2996         5.100
  2997         5.099
  2998         5.098
  2999         5.097
  3000         5.096
